timestamp,actual,p10,p50,p90
2020-05-07 00:00:00,0.0040889527798944,0.006052959710359573,0.006052959710359573,0.006052959710359573
2020-05-07 01:00:00,0.0056656854536584,0.0058602578938007355,0.0058602578938007355,0.0058602578938007355
2020-05-07 02:00:00,0.0056574346280691,0.0063380710780620575,0.0063380710780620575,0.0063380710780620575
2020-05-07 03:00:00,0.0207415930439221,0.010098523460328579,0.010098523460328579,0.010098523460328579
2020-05-07 04:00:00,0.0230860060566476,0.025932682678103447,0.025932682678103447,0.025932682678103447
2020-05-07 05:00:00,0.0406190093569859,0.030233370140194893,0.030233370140194893,0.030233370140194893
2020-05-07 06:00:00,0.0363888113371819,0.04053273797035217,0.04053273797035217,0.04053273797035217
2020-05-07 07:00:00,0.0549247024262824,0.03848075866699219,0.03848075866699219,0.03848075866699219
2020-05-07 08:00:00,0.0492984648025209,0.03347618505358696,0.03347618505358696,0.03347618505358696
2020-05-07 09:00:00,0.0319232879996278,0.032805200666189194,0.032805200666189194,0.032805200666189194
2020-05-07 10:00:00,0.0466782384946726,0.03126619756221771,0.03126619756221771,0.03126619756221771
2020-05-07 11:00:00,0.0369938914880491,0.034875866025686264,0.034875866025686264,0.034875866025686264
2020-05-07 12:00:00,0.0371044525441618,0.028043199330568314,0.028043199330568314,0.028043199330568314
2020-05-07 13:00:00,0.0290351456134526,0.03219369426369667,0.03219369426369667,0.03219369426369667
2020-05-07 14:00:00,0.0301770598053722,0.024992171674966812,0.024992171674966812,0.024992171674966812
2020-05-07 15:00:00,0.0363486769666117,0.03386857360601425,0.03386857360601425,0.03386857360601425
2020-05-07 16:00:00,0.0305291342980441,0.026826629415154457,0.026826629415154457,0.026826629415154457
2020-05-07 17:00:00,0.0264004214267651,0.02637416496872902,0.02637416496872902,0.02637416496872902
2020-05-07 18:00:00,0.0206025666417698,0.023238182067871094,0.023238182067871094,0.023238182067871094
2020-05-07 19:00:00,0.0186120550906208,0.01863410323858261,0.01863410323858261,0.01863410323858261
2020-05-07 20:00:00,0.0161566095455695,0.021178994327783585,0.021178994327783585,0.021178994327783585
2020-05-07 21:00:00,0.014838127697879,0.01417047530412674,0.01417047530412674,0.01417047530412674
2020-05-07 22:00:00,0.0080988537699897,0.01345028355717659,0.01345028355717659,0.01345028355717659
2020-05-07 23:00:00,0.005372368621972,0.009735737927258015,0.009735737927258015,0.009735737927258015
2020-05-08 00:00:00,0.0038352399086073,0.006709914654493332,0.006709914654493332,0.006709914654493332
2020-05-08 01:00:00,0.0041545468392966,0.006989823654294014,0.006989823654294014,0.006989823654294014
2020-05-08 02:00:00,0.0038773191165368,0.006524980068206787,0.006524980068206787,0.006524980068206787
2020-05-08 03:00:00,0.0032832597105836,0.013953747227787971,0.013953747227787971,0.013953747227787971
2020-05-08 04:00:00,0.0088667109133415,0.027151426300406456,0.027151426300406456,0.027151426300406456
2020-05-08 05:00:00,0.015473146556419,0.028832945972681046,0.028832945972681046,0.028832945972681046
2020-05-08 06:00:00,0.0250069749392442,0.04025859013199806,0.04025859013199806,0.04025859013199806
2020-05-08 07:00:00,0.0272693511768771,0.03594762459397316,0.03594762459397316,0.03594762459397316
2020-05-08 08:00:00,0.0237866779095504,0.039930954575538635,0.039930954575538635,0.039930954575538635
2020-05-08 09:00:00,0.0278493841801789,0.05007624626159668,0.05007624626159668,0.05007624626159668
2020-05-08 10:00:00,0.0267033445767064,0.03843197226524353,0.03843197226524353,0.03843197226524353
2020-05-08 11:00:00,0.0251714020962588,0.035447314381599426,0.035447314381599426,0.035447314381599426
2020-05-08 12:00:00,0.0216012700840397,0.029665207490324974,0.029665207490324974,0.029665207490324974
2020-05-08 13:00:00,0.0202299829543397,0.030831150710582733,0.030831150710582733,0.030831150710582733
2020-05-08 14:00:00,0.0207728872447685,0.031808771193027496,0.031808771193027496,0.031808771193027496
2020-05-08 15:00:00,0.0219940093569818,0.025293173268437386,0.025293173268437386,0.025293173268437386
2020-05-08 16:00:00,0.024022887244765,0.0300322026014328,0.0300322026014328,0.0300322026014328
2020-05-08 17:00:00,0.0201070456606101,0.025763362646102905,0.025763362646102905,0.025763362646102905
2020-05-08 18:00:00,0.0170674417002151,0.024043014273047447,0.024043014273047447,0.024043014273047447
2020-05-08 19:00:00,0.0159003624927869,0.0183245912194252,0.0183245912194252,0.0183245912194252
2020-05-08 20:00:00,0.0180306896559434,0.018842104822397232,0.018842104822397232,0.018842104822397232
2020-05-08 21:00:00,0.0163499965861325,0.012483249418437481,0.012483249418437481,0.012483249418437481
2020-05-08 22:00:00,0.0116660031868006,0.010956669226288795,0.010956669226288795,0.010956669226288795
2020-05-08 23:00:00,0.0072419932858076,0.0061976052820682526,0.0061976052820682526,0.0061976052820682526
2020-05-09 00:00:00,0.0049944685338293,0.006241051480174065,0.006241051480174065,0.006241051480174065
2020-05-09 01:00:00,0.0041195274682871,0.004887966439127922,0.004887966439127922,0.004887966439127922
2020-05-09 02:00:00,0.0043101215272042,0.005120476707816124,0.005120476707816124,0.005120476707816124
2020-05-09 03:00:00,0.0046059136064104,0.005641693249344826,0.005641693249344826,0.005641693249344826
2020-05-09 04:00:00,0.0074470027153241,0.007889789529144764,0.007889789529144764,0.007889789529144764
2020-05-09 05:00:00,0.0183682073357817,0.014544961042702198,0.014544961042702198,0.014544961042702198
2020-05-09 06:00:00,0.0237345439694454,0.023200809955596924,0.023200809955596924,0.023200809955596924
2020-05-09 07:00:00,0.0321316836834213,0.029738551005721092,0.029738551005721092,0.029738551005721092
2020-05-09 08:00:00,0.0269120054655942,0.03400532156229019,0.03400532156229019,0.03400532156229019
2020-05-09 09:00:00,0.0285201737824357,0.02902805432677269,0.02902805432677269,0.02902805432677269
2020-05-09 10:00:00,0.0261330450695459,0.027189582586288452,0.027189582586288452,0.027189582586288452
2020-05-09 11:00:00,0.0236099427603141,0.026812219992280006,0.026812219992280006,0.026812219992280006
2020-05-09 12:00:00,0.0219063536504201,0.025648735463619232,0.025648735463619232,0.025648735463619232
2020-05-09 13:00:00,0.0219232678418315,0.024801619350910187,0.024801619350910187,0.024801619350910187
2020-05-09 14:00:00,0.019743729888042,0.02260296232998371,0.02260296232998371,0.02260296232998371
2020-05-09 15:00:00,0.0194076737824301,0.026350103318691254,0.026350103318691254,0.026350103318691254
2020-05-09 16:00:00,0.0280682485904051,0.027213677763938904,0.027213677763938904,0.027213677763938904
2020-05-09 17:00:00,0.0242571924843019,0.024244826287031174,0.024244826287031174,0.024244826287031174
2020-05-09 18:00:00,0.0193760043654814,0.022786663845181465,0.022786663845181465,0.022786663845181465
2020-05-09 19:00:00,0.0197064499100385,0.019652487710118294,0.019652487710118294,0.019652487710118294
2020-05-09 20:00:00,0.0148331000750638,0.016096118837594986,0.016096118837594986,0.016096118837594986
2020-05-09 21:00:00,0.0135183428850468,0.013299177400767803,0.013299177400767803,0.013299177400767803
2020-05-09 22:00:00,0.009444085459309,0.008337643928825855,0.008337643928825855,0.008337643928825855
2020-05-09 23:00:00,0.0063307191226808,0.006881361827254295,0.006881361827254295,0.006881361827254295
2020-05-10 00:00:00,0.0051586599529672,0.008612232282757759,0.008612232282757759,0.008612232282757759
2020-05-10 01:00:00,0.0054730163881244,0.006694512441754341,0.006694512441754341,0.006694512441754341
2020-05-10 02:00:00,0.0043443035168239,0.0067282188683748245,0.0067282188683748245,0.0067282188683748245
2020-05-10 03:00:00,0.0042056896554416,0.007389280013740063,0.007389280013740063,0.007389280013740063
2020-05-10 04:00:00,0.0080255623570046,0.01088772714138031,0.01088772714138031,0.01088772714138031
2020-05-10 05:00:00,0.0169240772084753,0.021191691979765892,0.021191691979765892,0.021191691979765892
2020-05-10 06:00:00,0.023025562357006,0.028027324005961418,0.028027324005961418,0.028027324005961418
2020-05-10 07:00:00,0.027461219521621,0.026401124894618988,0.026401124894618988,0.026401124894618988
2020-05-10 08:00:00,0.0248516485645202,0.03045649267733097,0.03045649267733097,0.03045649267733097
2020-05-10 09:00:00,0.0285352294226117,0.029368296265602112,0.029368296265602112,0.029368296265602112
2020-05-10 10:00:00,0.0257918300826735,0.023325810208916664,0.023325810208916664,0.023325810208916664
2020-05-10 11:00:00,0.0241594043400976,0.02543783187866211,0.02543783187866211,0.02543783187866211
2020-05-10 12:00:00,0.0224234307432352,0.022801561281085014,0.022801561281085014,0.022801561281085014
2020-05-10 13:00:00,0.0196324241420805,0.019564945250749588,0.019564945250749588,0.019564945250749588
2020-05-10 14:00:00,0.0211381997196396,0.02501104027032852,0.02501104027032852,0.02501104027032852
2020-05-10 15:00:00,0.0211159224919082,0.03034396842122078,0.03034396842122078,0.03034396842122078
2020-05-10 16:00:00,0.0230169125909281,0.028003528714179993,0.028003528714179993,0.028003528714179993
2020-05-10 17:00:00,0.0245903449341573,0.028470531105995178,0.028470531105995178,0.028470531105995178
2020-05-10 18:00:00,0.0207373746371322,0.02389087900519371,0.02389087900519371,0.02389087900519371
2020-05-10 19:00:00,0.0182002459242492,0.020564842969179153,0.020564842969179153,0.020564842969179153
2020-05-10 20:00:00,0.0192528608011333,0.018288616091012955,0.018288616091012955,0.018288616091012955
2020-05-10 21:00:00,0.0128881743329892,0.015534481033682823,0.015534481033682823,0.015534481033682823
2020-05-10 22:00:00,0.0088535208671283,0.011588828638195992,0.011588828638195992,0.011588828638195992
2020-05-10 23:00:00,0.0055876792829776,0.008542157709598541,0.008542157709598541,0.008542157709598541
2020-05-11 00:00:00,0.00482860337539,0.0063765039667487144,0.0063765039667487144,0.0063765039667487144
2020-05-11 01:00:00,0.0038880093164774,0.00495661236345768,0.00495661236345768,0.00495661236345768
2020-05-11 02:00:00,0.0044622667417227,0.0050652362406253815,0.0050652362406253815,0.0050652362406253815
2020-05-11 03:00:00,0.0079045109661513,0.00933876447379589,0.00933876447379589,0.00933876447379589
2020-05-11 04:00:00,0.0165059961146562,0.021303733810782433,0.021303733810782433,0.021303733810782433
2020-05-11 05:00:00,0.0287078112961803,0.03782711923122406,0.03782711923122406,0.03782711923122406
2020-05-11 06:00:00,0.0273125967747291,0.03439531475305557,0.03439531475305557,0.03439531475305557
2020-05-11 07:00:00,0.0524772007351206,0.03758605569601059,0.03758605569601059,0.03758605569601059
2020-05-11 08:00:00,0.0466554185568995,0.04046960920095444,0.04046960920095444,0.04046960920095444
2020-05-11 09:00:00,0.0429421347285231,0.036669209599494934,0.036669209599494934,0.036669209599494934
2020-05-11 10:00:00,0.0416660621212604,0.03671689331531525,0.03671689331531525,0.03671689331531525
2020-05-11 11:00:00,0.0343427947945331,0.033711329102516174,0.033711329102516174,0.033711329102516174
2020-05-11 12:00:00,0.0424484053555875,0.036499761044979095,0.036499761044979095,0.036499761044979095
2020-05-11 13:00:00,0.0341142469397421,0.0339212566614151,0.0339212566614151,0.0339212566614151
2020-05-11 14:00:00,0.0309830588209365,0.025095641613006592,0.025095641613006592,0.025095641613006592
2020-05-11 15:00:00,0.02889064958051,0.02955801784992218,0.02955801784992218,0.02955801784992218
2020-05-11 16:00:00,0.0278013756526124,0.027383403852581978,0.027383403852581978,0.027383403852581978
2020-05-11 17:00:00,0.0231545109661476,0.021774178370833397,0.021774178370833397,0.021774178370833397
2020-05-11 18:00:00,0.02280970898644,0.018444010987877846,0.018444010987877846,0.018444010987877846
2020-05-11 19:00:00,0.0192692799430497,0.01930096745491028,0.01930096745491028,0.01930096745491028
2020-05-11 20:00:00,0.0159540984248927,0.016683286055922508,0.016683286055922508,0.016683286055922508
2020-05-11 21:00:00,0.0160588839039361,0.013510609045624733,0.013510609045624733,0.013510609045624733
2020-05-11 22:00:00,0.0109322337384177,0.010591724887490273,0.010591724887490273,0.010591724887490273
2020-05-11 23:00:00,0.0070621017252275,0.004945669323205948,0.004945669323205948,0.004945669323205948
2020-05-12 00:00:00,0.0047947749930447,0.002241961658000946,0.002241961658000946,0.002241961658000946
2020-05-12 01:00:00,0.004646260141057,0.0037306901067495346,0.0037306901067495346,0.0037306901067495346
2020-05-12 02:00:00,0.005568702385289,0.007522339932620525,0.007522339932620525,0.007522339932620525
2020-05-12 03:00:00,0.0083277782928852,0.014823902398347855,0.014823902398347855,0.014823902398347855
2020-05-12 04:00:00,0.0266965901740716,0.0274483785033226,0.0274483785033226,0.0274483785033226
2020-05-12 05:00:00,0.0209177122862709,0.03859765827655792,0.03859765827655792,0.03859765827655792
2020-05-12 06:00:00,0.0487254680618539,0.039349690079689026,0.039349690079689026,0.039349690079689026
2020-05-12 07:00:00,0.0359309136064126,0.040252380073070526,0.040252380073070526,0.040252380073070526
2020-05-12 08:00:00,0.0317452700420495,0.04082673788070679,0.04082673788070679,0.04082673788070679
2020-05-12 09:00:00,0.0288573987549227,0.04444641247391701,0.04444641247391701,0.04444641247391701
2020-05-12 10:00:00,0.0370232403390946,0.03187999501824379,0.03187999501824379,0.03187999501824379
2020-05-12 11:00:00,0.0403569862136709,0.036486707627773285,0.036486707627773285,0.036486707627773285
2020-05-12 12:00:00,0.0347769532103655,0.030413951724767685,0.030413951724767685,0.030413951724767685
2020-05-12 13:00:00,0.031057398754933,0.02961133047938347,0.02961133047938347,0.02961133047938347
2020-05-12 14:00:00,0.0260620192169679,0.02378387376666069,0.02378387376666069,0.02378387376666069
2020-05-12 15:00:00,0.0274448575008007,0.026838066056370735,0.026838066056370735,0.026838066056370735
2020-05-12 16:00:00,0.0288421116677041,0.02759084291756153,0.02759084291756153,0.02759084291756153
2020-05-12 17:00:00,0.0227728047365187,0.02758297696709633,0.02758297696709633,0.02758297696709633
2020-05-12 18:00:00,0.0199229697530232,0.02233622781932354,0.02233622781932354,0.02233622781932354
2020-05-12 19:00:00,0.0193680192579725,0.01785215176641941,0.01785215176641941,0.01785215176641941
2020-05-12 20:00:00,0.0166741248685261,0.017112253233790398,0.017112253233790398,0.017112253233790398
2020-05-12 21:00:00,0.0117566331193497,0.012434734962880611,0.012434734962880611,0.012434734962880611
2020-05-12 22:00:00,0.008311088564906,0.008893431164324284,0.008893431164324284,0.008893431164324284
2020-05-12 23:00:00,0.0059420409458505,0.005293885245919228,0.005293885245919228,0.005293885245919228
2020-05-13 00:00:00,0.0045580475465131,0.0042295902967453,0.0042295902967453,0.0042295902967453
2020-05-13 01:00:00,0.0039466614078943,0.001839006319642067,0.001839006319642067,0.001839006319642067
2020-05-13 02:00:00,0.0043517769194544,0.003499407321214676,0.003499407321214676,0.003499407321214676
2020-05-13 03:00:00,0.0068773544772052,0.004229584708809853,0.004229584708809853,0.004229584708809853
2020-05-13 04:00:00,0.0274169584376074,0.024468453601002693,0.024468453601002693,0.024468453601002693
2020-05-13 05:00:00,0.043053922133969,0.034442104399204254,0.034442104399204254,0.034442104399204254
2020-05-13 06:00:00,0.0383269065752813,0.03174376115202904,0.03174376115202904,0.03174376115202904
2020-05-13 07:00:00,0.0543813620208038,0.03819139301776886,0.03819139301776886,0.03819139301776886
2020-05-13 08:00:00,0.0361637652611458,0.04901282489299774,0.04901282489299774,0.04901282489299774
2020-05-13 09:00:00,0.0508811745020652,0.04242509603500366,0.04242509603500366,0.04242509603500366
2020-05-13 10:00:00,0.0394909104761623,0.039090558886528015,0.039090558886528015,0.039090558886528015
2020-05-13 11:00:00,0.0331773791225225,0.03838927298784256,0.03838927298784256,0.03838927298784256
2020-05-13 12:00:00,0.0361955309377157,0.036847908049821854,0.036847908049821854,0.036847908049821854
2020-05-13 13:00:00,0.038480596944299,0.030877403914928436,0.030877403914928436,0.030877403914928436
2020-05-13 14:00:00,0.0305160754921762,0.028960702940821648,0.028960702940821648,0.028960702940821648
2020-05-13 15:00:00,0.0282334847330888,0.027979908511042595,0.027979908511042595,0.027979908511042595
2020-05-13 16:00:00,0.031497511135722,0.026759639382362366,0.026759639382362366,0.026759639382362366
2020-05-13 17:00:00,0.0252714385289703,0.02029862441122532,0.02029862441122532,0.02029862441122532
2020-05-13 18:00:00,0.017407577142323,0.018955960869789124,0.018955960869789124,0.018955960869789124
2020-05-13 19:00:00,0.0205720385884754,0.019639985635876656,0.019639985635876656,0.019639985635876656
2020-05-13 20:00:00,0.0161751739020104,0.015271812677383423,0.015271812677383423,0.015271812677383423
2020-05-13 21:00:00,0.0148758339680135,0.010431951843202114,0.010431951843202114,0.010431951843202114
2020-05-13 22:00:00,0.0064334247275785,0.007339948788285255,0.007339948788285255,0.007339948788285255
2020-05-13 23:00:00,0.0064210484894723,0.003959391266107559,0.003959391266107559,0.003959391266107559
2020-05-14 00:00:00,0.0045563620208089,0.0037856195122003555,0.0037856195122003555,0.0037856195122003555
2020-05-14 01:00:00,0.0056492663112429,0.004819931462407112,0.004819931462407112,0.004819931462407112
2020-05-14 02:00:00,0.0050740187864952,0.005935212597250938,0.005935212597250938,0.005935212597250938
2020-05-14 03:00:00,0.0212507514597679,0.009404189884662628,0.009404189884662628,0.009404189884662628
2020-05-14 04:00:00,0.0336665930439164,0.02056599035859108,0.02056599035859108,0.02056599035859108
2020-05-14 05:00:00,0.0351246971876578,0.032196324318647385,0.032196324318647385,0.032196324318647385
2020-05-14 06:00:00,0.0346803077487285,0.04168744385242462,0.04168744385242462,0.04168744385242462
2020-05-14 07:00:00,0.0467508523031814,0.0332111194729805,0.0332111194729805,0.0332111194729805
2020-05-14 08:00:00,0.0369488721051541,0.03969157487154007,0.03969157487154007,0.03969157487154007
2020-05-14 09:00:00,0.0365190041183641,0.03401247411966324,0.03401247411966324,0.03401247411966324
2020-05-14 10:00:00,0.0423630635243015,0.041131362318992615,0.041131362318992615,0.041131362318992615
2020-05-14 11:00:00,0.0392083605544911,0.03583841025829315,0.03583841025829315,0.03583841025829315
2020-05-14 12:00:00,0.0234591856365185,0.029347017407417297,0.029347017407417297,0.029347017407417297
2020-05-14 13:00:00,0.0367031536491979,0.028851505368947983,0.028851505368947983,0.028851505368947983
2020-05-14 14:00:00,0.0292625595892866,0.0303620807826519,0.0303620807826519,0.0303620807826519
2020-05-14 15:00:00,0.0306627246057964,0.025456639006733894,0.025456639006733894,0.025456639006733894
2020-05-14 16:00:00,0.0288149523285642,0.027014218270778656,0.027014218270778656,0.027014218270778656
2020-05-14 17:00:00,0.0308520810414348,0.027015531435608864,0.027015531435608864,0.027015531435608864
2020-05-14 18:00:00,0.0225624770810452,0.021165767684578896,0.021165767684578896,0.021165767684578896
2020-05-14 19:00:00,0.0214461404473805,0.019632915034890175,0.019632915034890175,0.019632915034890175
2020-05-14 20:00:00,0.0171082691607439,0.018681038171052933,0.018681038171052933,0.018681038171052933
2020-05-14 21:00:00,0.0133104143747749,0.012442204169929028,0.012442204169929028,0.012442204169929028
2020-05-14 22:00:00,0.0083599193252571,0.011976542882621288,0.011976542882621288,0.011976542882621288
2020-05-14 23:00:00,0.0061173450683391,0.007138367742300034,0.007138367742300034,0.007138367742300034
2020-05-15 00:00:00,0.0049358269160186,0.004000946879386902,0.004000946879386902,0.004000946879386902
2020-05-15 01:00:00,0.0045793912724642,0.0038665011525154114,0.0038665011525154114,0.0038665011525154114
2020-05-15 02:00:00,0.0050323615694978,0.004867954179644585,0.004867954179644585,0.004867954179644585
2020-05-15 03:00:00,0.0256528236156882,0.008103071711957455,0.008103071711957455,0.008103071711957455
2020-05-15 04:00:00,0.0350241107444153,0.023928076028823853,0.023928076028823853,0.023928076028823853
2020-05-15 05:00:00,0.0356330216354905,0.02799355797469616,0.02799355797469616,0.02799355797469616
2020-05-15 06:00:00,0.0346949028236152,0.032569095492362976,0.032569095492362976,0.032569095492362976
2020-05-15 07:00:00,0.038459754308763,0.03558745235204697,0.03558745235204697,0.03558745235204697
2020-05-15 08:00:00,0.0541589108910957,0.03669639676809311,0.03669639676809311,0.03669639676809311
2020-05-15 09:00:00,0.0459080858085771,0.03583323955535889,0.03583323955535889,0.03583323955535889
2020-05-15 10:00:00,0.0549889438943968,0.033172428607940674,0.033172428607940674,0.033172428607940674
2020-05-15 11:00:00,0.0428000000004884,0.03781670704483986,0.03781670704483986,0.03781670704483986
2020-05-15 12:00:00,0.0383321782178204,0.028078006580471992,0.028078006580471992,0.028078006580471992
2020-05-15 13:00:00,0.0391530528052808,0.02758069336414337,0.02758069336414337,0.02758069336414337
2020-05-15 14:00:00,0.0269117161721192,0.026224710047245026,0.026224710047245026,0.026224710047245026
2020-05-15 15:00:00,0.0293518976897649,0.027848590165376663,0.027848590165376663,0.027848590165376663
2020-05-15 16:00:00,0.0299001650164993,0.024047819897532463,0.024047819897532463,0.024047819897532463
2020-05-15 17:00:00,0.0307438118811879,0.023557327687740326,0.023557327687740326,0.023557327687740326
2020-05-15 18:00:00,0.0223915016501623,0.020730450749397278,0.020730450749397278,0.020730450749397278
2020-05-15 19:00:00,0.0198609735973645,0.01890140399336815,0.01890140399336815,0.01890140399336815
2020-05-15 20:00:00,0.0186018976897702,0.01819668523967266,0.01819668523967266,0.01819668523967266
2020-05-15 21:00:00,0.0159605335533546,0.014542980119585991,0.014542980119585991,0.014542980119585991
2020-05-15 22:00:00,0.0096626787678792,0.01199284940958023,0.01199284940958023,0.01199284940958023
2020-05-15 23:00:00,0.0088408965896594,0.009150685742497444,0.009150685742497444,0.009150685742497444
2020-05-16 00:00:00,0.0053689493949335,0.0065331365913152695,0.0065331365913152695,0.0065331365913152695
2020-05-16 01:00:00,0.0059605335533516,0.003112025558948517,0.003112025558948517,0.003112025558948517
2020-05-16 02:00:00,0.0042427117711822,0.003358466550707817,0.003358466550707817,0.003358466550707817
2020-05-16 03:00:00,0.0041519526952631,0.0046458616852760315,0.0046458616852760315,0.0046458616852760315
2020-05-16 04:00:00,0.0108549229923046,0.00811191275715828,0.00811191275715828,0.00811191275715828
2020-05-16 05:00:00,0.0168936025955537,0.01561303436756134,0.01561303436756134,0.01561303436756134
2020-05-16 06:00:00,0.0246694551808184,0.025015342980623245,0.025015342980623245,0.025015342980623245
2020-05-16 07:00:00,0.0306620294382292,0.03047148510813713,0.03047148510813713,0.03047148510813713
2020-05-16 08:00:00,0.0335605442897254,0.030116267502307892,0.030116267502307892,0.030116267502307892
2020-05-16 09:00:00,0.0296019162840705,0.03216467797756195,0.03216467797756195,0.03216467797756195
2020-05-16 10:00:00,0.0302471308055117,0.025865014642477036,0.025865014642477036,0.025865014642477036
2020-05-16 11:00:00,0.0272929228847303,0.026422269642353058,0.026422269642353058,0.026422269642353058
2020-05-16 12:00:00,0.0251382199144275,0.023935241624712944,0.023935241624712944,0.023935241624712944
2020-05-16 13:00:00,0.0246563717296114,0.024375472217798233,0.024375472217798233,0.024375472217798233
2020-05-16 14:00:00,0.0231501836107919,0.024235185235738754,0.024235185235738754,0.024235185235738754
2020-05-16 15:00:00,0.0270070317956229,0.02143714390695095,0.02143714390695095,0.02143714390695095
2020-05-16 16:00:00,0.0274220054358278,0.02312280796468258,0.02312280796468258,0.02312280796468258
2020-05-16 17:00:00,0.0241720054358413,0.024061407893896103,0.024061407893896103,0.024061407893896103
2020-05-16 18:00:00,0.0231645796932718,0.02055063657462597,0.02055063657462597,0.02055063657462597
2020-05-16 19:00:00,0.0153931275480435,0.01939588412642479,0.01939588412642479,0.01939588412642479
2020-05-16 20:00:00,0.0172462628615771,0.019217180088162422,0.019217180088162422,0.019217180088162422
2020-05-16 21:00:00,0.0171208503203257,0.01264688465744257,0.01264688465744257,0.01264688465744257
2020-05-16 22:00:00,0.0088572607260739,0.008878416381776333,0.008878416381776333,0.008878416381776333
2020-05-16 23:00:00,0.0063506600660057,0.0065367575734853745,0.0065367575734853745,0.0065367575734853745
2020-05-17 00:00:00,0.0049471947194708,0.003563789650797844,0.003563789650797844,0.003563789650797844
2020-05-17 01:00:00,0.0042937293729388,0.00387481227517128,0.00387481227517128,0.00387481227517128
2020-05-17 02:00:00,0.0039645214521438,0.0029474087059497833,0.0029474087059497833,0.0029474087059497833
2020-05-17 03:00:00,0.0047400990099006,0.004140106961131096,0.004140106961131096,0.004140106961131096
2020-05-17 04:00:00,0.0079884488448857,0.006077291443943977,0.006077291443943977,0.006077291443943977
2020-05-17 05:00:00,0.0168704620462066,0.014652191661298275,0.014652191661298275,0.014652191661298275
2020-05-17 06:00:00,0.022574876237621,0.019157573580741882,0.019157573580741882,0.019157573580741882
2020-05-17 07:00:00,0.0291169554455519,0.022119466215372086,0.022119466215372086,0.022119466215372086
2020-05-17 08:00:00,0.0301483085808515,0.024885807186365128,0.024885807186365128,0.024885807186365128
2020-05-17 09:00:00,0.0258001237623804,0.027432050555944443,0.027432050555944443,0.027432050555944443
2020-05-17 10:00:00,0.0297761963696371,0.02551926299929619,0.02551926299929619,0.02551926299929619
2020-05-17 11:00:00,0.0244478817712534,0.023463567718863487,0.023463567718863487,0.023463567718863487
2020-05-17 12:00:00,0.0240468916722495,0.026738913729786873,0.026738913729786873,0.026738913729786873
2020-05-17 13:00:00,0.0224396309461764,0.01813506707549095,0.01813506707549095,0.01813506707549095
2020-05-17 14:00:00,0.0267731705501398,0.022010600194334984,0.022010600194334984,0.022010600194334984
2020-05-17 15:00:00,0.0254786160946901,0.024482402950525284,0.024482402950525284,0.024482402950525284
2020-05-17 16:00:00,0.0260107943125191,0.026706518605351448,0.026706518605351448,0.026706518605351448
2020-05-17 17:00:00,0.025778121045181,0.02352483570575714,0.02352483570575714,0.02352483570575714
2020-05-17 18:00:00,0.0259945284002109,0.027980851009488106,0.027980851009488106,0.027980851009488106
2020-05-17 19:00:00,0.0242346274101129,0.021268274635076523,0.021268274635076523,0.021268274635076523
2020-05-17 20:00:00,0.01681779572694,0.019822079688310623,0.019822079688310623,0.019822079688310623
2020-05-17 21:00:00,0.0162427132186854,0.016300003975629807,0.016300003975629807,0.016300003975629807
2020-05-17 22:00:00,0.010216782054152,0.012077395804226398,0.012077395804226398,0.012077395804226398
2020-05-17 23:00:00,0.0059816335392943,0.005906065925955772,0.005906065925955772,0.005906065925955772
2020-05-18 00:00:00,0.0047093563115681,0.002933274954557419,0.002933274954557419,0.002933274954557419
2020-05-18 01:00:00,0.0045443398099164,0.002956090494990349,0.002956090494990349,0.002956090494990349
2020-05-18 02:00:00,0.005131942048904,0.0039366465061903,0.0039366465061903,0.0039366465061903
2020-05-18 03:00:00,0.0086162654807501,0.0071895550936460495,0.0071895550936460495,0.0071895550936460495
2020-05-18 04:00:00,0.0256335922134167,0.019661180675029755,0.019661180675029755,0.019661180675029755
2020-05-18 05:00:00,0.0240077081964516,0.03002992272377014,0.03002992272377014,0.03002992272377014
2020-05-18 06:00:00,0.0385310840866654,0.033229295164346695,0.033229295164346695,0.033229295164346695
2020-05-18 07:00:00,0.0392637573539961,0.042493827641010284,0.042493827641010284,0.042493827641010284
2020-05-18 08:00:00,0.0485038563639079,0.034919269382953644,0.034919269382953644,0.034919269382953644
2020-05-18 09:00:00,0.034999730951346,0.03295081853866577,0.03295081853866577,0.03295081853866577
2020-05-18 10:00:00,0.0424597144502055,0.037635356187820435,0.037635356187820435,0.037635356187820435
2020-05-18 11:00:00,0.0468574867269345,0.03203127533197403,0.03203127533197403,0.03203127533197403
2020-05-18 12:00:00,0.0372484933275954,0.0282182227820158,0.0282182227820158,0.0282182227820158
2020-05-18 13:00:00,0.0235595494331991,0.04098204895853996,0.04098204895853996,0.04098204895853996
2020-05-18 14:00:00,0.0487204405223134,0.034322384744882584,0.034322384744882584,0.034322384744882584
2020-05-18 15:00:00,0.0289601269909592,0.028718171641230583,0.028718171641230583,0.028718171641230583
2020-05-18 16:00:00,0.0324333943176974,0.03614462912082672,0.03614462912082672,0.03614462912082672
2020-05-18 17:00:00,0.0229861995982158,0.029042338952422142,0.029042338952422142,0.029042338952422142
2020-05-18 18:00:00,0.0221045989381608,0.02264232374727726,0.02264232374727726,0.02264232374727726
2020-05-18 19:00:00,0.0198290213803982,0.019195102155208588,0.019195102155208588,0.019195102155208588
2020-05-18 20:00:00,0.0172935428325452,0.019644584506750107,0.019644584506750107,0.019644584506750107
2020-05-18 21:00:00,0.0126502260008635,0.012715627439320087,0.012715627439320087,0.012715627439320087
2020-05-18 22:00:00,0.0085499784760988,0.008570130914449692,0.008570130914449692,0.008570130914449692
2020-05-18 23:00:00,0.0059014636246284,0.005293752998113632,0.005293752998113632,0.005293752998113632
2020-05-19 00:00:00,0.0056250609843524,0.004038568586111069,0.004038568586111069,0.004038568586111069
2020-05-19 01:00:00,0.005213688868888,0.005884289741516113,0.005884289741516113,0.005884289741516113
2020-05-19 02:00:00,0.0060968571857292,0.003456253558397293,0.003456253558397293,0.003456253558397293
2020-05-19 03:00:00,0.0095935568556803,0.009225767105817795,0.009225767105817795,0.009225767105817795
2020-05-19 04:00:00,0.0211603885388557,0.034696146845817566,0.034696146845817566,0.034696146845817566
2020-05-19 05:00:00,0.0364920717071649,0.04390069469809532,0.04390069469809532,0.04390069469809532
2020-05-19 06:00:00,0.029817154215428,0.043594859540462494,0.043594859540462494,0.043594859540462494
2020-05-19 07:00:00,0.0438448769876985,0.038338325917720795,0.038338325917720795,0.038338325917720795
2020-05-19 08:00:00,0.0389060156015579,0.04196044057607651,0.04196044057607651,0.04196044057607651
2020-05-19 09:00:00,0.0359406690669033,0.039499834179878235,0.039499834179878235,0.039499834179878235
2020-05-19 10:00:00,0.0456725172517328,0.032563988119363785,0.032563988119363785,0.032563988119363785
2020-05-19 11:00:00,0.0393899264926363,0.03409178927540779,0.03409178927540779,0.03409178927540779
2020-05-19 12:00:00,0.0392438868887015,0.03638426214456558,0.03638426214456558,0.03638426214456558
2020-05-19 13:00:00,0.0414068406840652,0.027816064655780792,0.027816064655780792,0.027816064655780792
2020-05-19 14:00:00,0.0263961146114582,0.028397351503372192,0.028397351503372192,0.028397351503372192
2020-05-19 15:00:00,0.0333871212121285,0.02935662865638733,0.02935662865638733,0.02935662865638733
2020-05-19 16:00:00,0.0318598934893438,0.0269527118653059,0.0269527118653059,0.0269527118653059
2020-05-19 17:00:00,0.0286350585058507,0.02557116188108921,0.02557116188108921,0.02557116188108921
2020-05-19 18:00:00,0.0235277977797716,0.024830210953950882,0.024830210953950882,0.024830210953950882
2020-05-19 19:00:00,0.0192431443144391,0.02629239112138748,0.02629239112138748,0.02629239112138748
2020-05-19 20:00:00,0.0226763126312626,0.0170794315636158,0.0170794315636158,0.0170794315636158
2020-05-19 21:00:00,0.0154888538853907,0.014503704383969307,0.014503704383969307,0.014503704383969307
2020-05-19 22:00:00,0.0085400090008963,0.009582670405507088,0.009582670405507088,0.009582670405507088
2020-05-19 23:00:00,0.00560676567657,0.005707832053303719,0.005707832053303719,0.005707832053303719
2020-05-20 00:00:00,0.0050869636963623,0.008086666464805603,0.008086666464805603,0.008086666464805603
2020-05-20 01:00:00,0.0045407590759085,0.005246924236416817,0.005246924236416817,0.005246924236416817
2020-05-20 02:00:00,0.0048881188118831,0.006193067878484726,0.006193067878484726,0.006193067878484726
2020-05-20 03:00:00,0.0144722772277153,0.012714351527392864,0.012714351527392864,0.012714351527392864
2020-05-20 04:00:00,0.0343584158415857,0.030184287577867508,0.030184287577867508,0.030184287577867508
2020-05-20 05:00:00,0.0346089658966013,0.0359310545027256,0.0359310545027256,0.0359310545027256
2020-05-20 06:00:00,0.0355540154015297,0.03543761372566223,0.03543761372566223,0.03543761372566223
2020-05-20 07:00:00,0.0558116061606154,0.042064592242240906,0.042064592242240906,0.042064592242240906
2020-05-20 08:00:00,0.0477522002200352,0.03861161693930626,0.03861161693930626,0.03861161693930626
2020-05-20 09:00:00,0.0382059956000473,0.033856116235256195,0.033856116235256195,0.033856116235256195
2020-05-20 10:00:00,0.0437588008805843,0.033283963799476624,0.033283963799476624,0.033283963799476624
2020-05-20 11:00:00,0.0400459295929529,0.02841246873140335,0.02841246873140335,0.02841246873140335
2020-05-20 12:00:00,0.0397856160621084,0.0337090790271759,0.0337090790271759,0.0337090790271759
2020-05-20 13:00:00,0.0422396923202948,0.027725165709853172,0.027725165709853172,0.027725165709853172
2020-05-20 14:00:00,0.0320947528263486,0.024761542677879333,0.024761542677879333,0.024761542677879333
2020-05-20 15:00:00,0.0290782511761764,0.02895943820476532,0.02895943820476532,0.02895943820476532
2020-05-20 16:00:00,0.0320060564567123,0.03340698033571243,0.03340698033571243,0.03340698033571243
2020-05-20 17:00:00,0.0298303138824593,0.027382414788007736,0.027382414788007736,0.027382414788007736
2020-05-20 18:00:00,0.0228657924307943,0.024223770946264267,0.024223770946264267,0.024223770946264267
2020-05-20 19:00:00,0.0217865845095181,0.021827781572937965,0.021827781572937965,0.021827781572937965
2020-05-20 20:00:00,0.0184573765887294,0.017841072753071785,0.017841072753071785,0.017841072753071785
2020-05-20 21:00:00,0.0137989607476275,0.016415178775787354,0.016415178775787354,0.016415178775787354
2020-05-20 22:00:00,0.0110308089319565,0.009620494209229946,0.009620494209229946,0.009620494209229946
2020-05-20 23:00:00,0.0056595218032463,0.00767035037279129,0.00767035037279129,0.00767035037279129
2020-05-21 00:00:00,0.0055134821997814,0.007378613576292992,0.007378613576292992,0.007378613576292992
2020-05-21 01:00:00,0.0047857594269989,0.00713646225631237,0.00713646225631237,0.00713646225631237
2020-05-21 02:00:00,0.0043946703180946,0.008189123123884201,0.008189123123884201,0.008189123123884201
2020-05-21 03:00:00,0.0046793237839483,0.010769086889922619,0.010769086889922619,0.010769086889922619
2020-05-21 04:00:00,0.0082634821992779,0.021264392882585526,0.021264392882585526,0.021264392882585526
2020-05-21 05:00:00,0.0180279211431728,0.023708460852503777,0.023708460852503777,0.023708460852503777
2020-05-21 06:00:00,0.0212531686684253,0.03283656761050224,0.03283656761050224,0.03283656761050224
2020-05-21 07:00:00,0.0330821015612218,0.03145035356283188,0.03145035356283188,0.03145035356283188
2020-05-21 08:00:00,0.0264550388549404,0.042771294713020325,0.042771294713020325,0.042771294713020325
2020-05-21 09:00:00,0.0307062764792133,0.04395950585603714,0.04395950585603714,0.04395950585603714
2020-05-21 10:00:00,0.0287087517262416,0.030681662261486053,0.030681662261486053,0.030681662261486053
2020-05-21 11:00:00,0.0236204678978479,0.03456098586320877,0.03456098586320877,0.03456098586320877
2020-05-21 12:00:00,0.0200474480963719,0.03292163833975792,0.03292163833975792,0.03292163833975792
2020-05-21 13:00:00,0.0192190652580814,0.027744607999920845,0.027744607999920845,0.027744607999920845
2020-05-21 14:00:00,0.0191142797790441,0.027225196361541748,0.027225196361541748,0.027225196361541748
2020-05-21 15:00:00,0.0232454678983486,0.03234751522541046,0.03234751522541046,0.03234751522541046
2020-05-21 16:00:00,0.0232940102525904,0.0320453867316246,0.0320453867316246,0.0320453867316246
2020-05-21 17:00:00,0.0195836142124787,0.03367529809474945,0.03367529809474945,0.03367529809474945
2020-05-21 18:00:00,0.0203277116996499,0.027278121560811996,0.027278121560811996,0.027278121560811996
2020-05-21 19:00:00,0.020397431171103,0.02392265573143959,0.02392265573143959,0.02392265573143959
2020-05-21 20:00:00,0.0187043618641714,0.025292161852121353,0.025292161852121353,0.025292161852121353
2020-05-21 21:00:00,0.0114320846374441,0.019335826858878136,0.019335826858878136,0.019335826858878136
2020-05-21 22:00:00,0.0103157480027926,0.011757681146264076,0.011757681146264076,0.011757681146264076
2020-05-21 23:00:00,0.0079036192899141,0.011620240285992622,0.011620240285992622,0.011620240285992622
2020-05-22 00:00:00,0.0047146753955258,0.004563102498650551,0.004563102498650551,0.004563102498650551
2020-05-22 01:00:00,0.0052716060890907,0.0035388413816690445,0.0035388413816690445,0.0035388413816690445
2020-05-22 02:00:00,0.0049023816661503,0.005267353728413582,0.005267353728413582,0.005267353728413582
2020-05-22 03:00:00,0.0056169031183055,0.010403784923255444,0.010403784923255444,0.010403784923255444
2020-05-22 04:00:00,0.0171317546034451,0.021992789581418037,0.021992789581418037,0.021992789581418037
2020-05-22 05:00:00,0.0246474311710995,0.03406570851802826,0.03406570851802826,0.03406570851802826
2020-05-22 06:00:00,0.030117315659557,0.03479369729757309,0.03479369729757309,0.03479369729757309
2020-05-22 07:00:00,0.0402989607471349,0.043654222041368484,0.043654222041368484,0.043654222041368484
2020-05-22 08:00:00,0.0457062764787175,0.03884927183389664,0.03884927183389664,0.03884927183389664
2020-05-22 09:00:00,0.0444950553565942,0.03962312638759613,0.03962312638759613,0.03962312638759613
2020-05-22 10:00:00,0.0331765735088996,0.03875304386019707,0.03875304386019707,0.03875304386019707
2020-05-22 11:00:00,0.0424777286239351,0.03350470960140228,0.03350470960140228,0.03350470960140228
2020-05-22 12:00:00,0.0310571507150728,0.031759198755025864,0.031759198755025864,0.031759198755025864
2020-05-22 13:00:00,0.0261314081408064,0.03317908197641373,0.03317908197641373,0.03317908197641373
2020-05-22 14:00:00,0.0260167216721694,0.02925286255776882,0.02925286255776882,0.02925286255776882
2020-05-22 15:00:00,0.028138833883386,0.03011450171470642,0.03011450171470642,0.03011450171470642
2020-05-22 16:00:00,0.0231726622662254,0.030644141137599945,0.030644141137599945,0.030644141137599945
2020-05-22 17:00:00,0.023905775577564,0.029786817729473114,0.029786817729473114,0.029786817729473114
2020-05-22 18:00:00,0.0222110561056099,0.025465914979577065,0.025465914979577065,0.025465914979577065
2020-05-22 19:00:00,0.0238441813746553,0.019588135182857513,0.019588135182857513,0.019588135182857513
2020-05-22 20:00:00,0.0217015921157325,0.019889650866389275,0.019889650866389275,0.019889650866389275
2020-05-22 21:00:00,0.0146116581223379,0.012453591451048851,0.012453591451048851,0.012453591451048851
2020-05-22 22:00:00,0.0103543973962682,0.010382697917521,0.010382697917521,0.010382697917521
2020-05-22 23:00:00,0.0083593478913082,0.004462802782654762,0.004462802782654762,0.004462802782654762
2020-05-23 00:00:00,0.0056984568021976,0.004248680546879768,0.004248680546879768,0.004248680546879768
2020-05-23 01:00:00,0.0048898759441205,0.0013448484241962433,0.0013448484241962433,0.0013448484241962433
2020-05-23 02:00:00,0.0041101729738168,0.003394283354282379,0.003394283354282379,0.003394283354282379
2020-05-23 03:00:00,0.0037562125777807,0.0028538797050714493,0.0028538797050714493,0.0028538797050714493
2020-05-23 04:00:00,0.0095210640629273,0.0068606119602918625,0.0068606119602918625,0.0068606119602918625
2020-05-23 05:00:00,0.0172205690134251,0.018838578835129738,0.018838578835129738,0.018838578835129738
2020-05-23 06:00:00,0.0237799749540076,0.026436807587742805,0.026436807587742805,0.026436807587742805
2020-05-23 07:00:00,0.0264959965561842,0.02759888954460621,0.02759888954460621,0.02759888954460621
2020-05-23 08:00:00,0.0299514421007325,0.029035013169050217,0.029035013169050217,0.029035013169050217
2020-05-23 09:00:00,0.0288941363701523,0.03187856823205948,0.03187856823205948,0.03187856823205948
2020-05-23 10:00:00,0.0252177337299004,0.03178835287690163,0.03178835287690163,0.03178835287690163
2020-05-23 11:00:00,0.02935139709623,0.02472461573779583,0.02472461573779583,0.02472461573779583
2020-05-23 12:00:00,0.0262482617831967,0.021828794851899147,0.021828794851899147,0.021828794851899147
2020-05-23 13:00:00,0.0225527172282429,0.02884858101606369,0.02884858101606369,0.02884858101606369
2020-05-23 14:00:00,0.0200923211886383,0.01799972727894783,0.01799972727894783,0.01799972727894783
2020-05-23 15:00:00,0.0234537073277499,0.02459627576172352,0.02459627576172352,0.02459627576172352
2020-05-23 16:00:00,0.0230370406605905,0.022130630910396576,0.022130630910396576,0.022130630910396576
2020-05-23 17:00:00,0.0213724367001888,0.023639561608433723,0.023639561608433723,0.023639561608433723
2020-05-23 18:00:00,0.0226642289228923,0.019833873957395554,0.019833873957395554,0.019833873957395554
2020-05-23 19:00:00,0.0167170342034154,0.01708313450217247,0.01708313450217247,0.01708313450217247
2020-05-23 20:00:00,0.0171166741679163,0.01442019734531641,0.01442019734531641,0.01442019734531641
2020-05-23 21:00:00,0.0156764926497595,0.011813932098448277,0.011813932098448277,0.011813932098448277
2020-05-23 22:00:00,0.0110114761476201,0.009153989143669605,0.009153989143669605,0.009153989143669605
2020-05-23 23:00:00,0.0081575157515711,0.0031549688428640366,0.0031549688428640366,0.0031549688428640366
2020-05-24 00:00:00,0.0045255025507566,0.007195195183157921,0.007195195183157921,0.007195195183157921
2020-05-24 01:00:00,0.0054421692169126,0.0049177780747413635,0.0049177780747413635,0.0049177780747413635
2020-05-24 02:00:00,0.0033307830783119,0.0051167868077754974,0.0051167868077754974,0.0051167868077754974
2020-05-24 03:00:00,0.0039768226827656,0.005022268742322922,0.005022268742322922,0.005022268742322922
2020-05-24 04:00:00,0.0085634563456385,0.008479529991745949,0.008479529991745949,0.008479529991745949
2020-05-24 05:00:00,0.0177268226822635,0.014035679399967194,0.014035679399967194,0.014035679399967194
2020-05-24 06:00:00,0.0190758325837474,0.02165413461625576,0.02165413461625576,0.02165413461625576
2020-05-24 07:00:00,0.0256398757522847,0.022346846759319305,0.022346846759319305,0.022346846759319305
2020-05-24 08:00:00,0.0278824500102088,0.027113977819681168,0.027113977819681168,0.027113977819681168
2020-05-24 09:00:00,0.0290136381290071,0.029628276824951172,0.029628276824951172,0.029628276824951172
2020-05-24 10:00:00,0.0275598427494781,0.030659841373562813,0.030659841373562813,0.030659841373562813
2020-05-24 11:00:00,0.0280872139643662,0.03131156042218208,0.03131156042218208,0.03131156042218208
2020-05-24 12:00:00,0.0283978575297091,0.025851286947727203,0.025851286947727203,0.025851286947727203
2020-05-24 13:00:00,0.0204696397069334,0.0247909277677536,0.0247909277677536,0.0247909277677536
2020-05-24 14:00:00,0.0247608938323509,0.021725092083215714,0.021725092083215714,0.021725092083215714
2020-05-24 15:00:00,0.0264894416876368,0.024182334542274475,0.024182334542274475,0.024182334542274475
2020-05-24 16:00:00,0.0274312733702985,0.023491693660616875,0.023491693660616875,0.023491693660616875
2020-05-24 17:00:00,0.0242481050534712,0.02587343379855156,0.02587343379855156,0.02587343379855156
2020-05-24 18:00:00,0.0281094911925809,0.02289365790784359,0.02289365790784359,0.02289365790784359
2020-05-24 19:00:00,0.0182753327762449,0.023815181106328964,0.023815181106328964,0.023815181106328964
2020-05-24 20:00:00,0.0165129565386184,0.01825614646077156,0.01825614646077156,0.01825614646077156
2020-05-24 21:00:00,0.0119238476277296,0.01714320480823517,0.01714320480823517,0.01714320480823517
2020-05-24 22:00:00,0.0077530555485228,0.010285237804055214,0.010285237804055214,0.010285237804055214
2020-05-24 23:00:00,0.0054783030732727,0.008445792831480503,0.008445792831480503,0.008445792831480503
2020-05-25 00:00:00,0.0047691203902996,0.0069912634789943695,0.0069912634789943695,0.0069912634789943695
2020-05-25 01:00:00,0.0048689553738001,0.008728749118745327,0.008728749118745327,0.008728749118745327
2020-05-25 02:00:00,0.004656084086669,0.00719979964196682,0.00719979964196682,0.00719979964196682
2020-05-25 03:00:00,0.0095999784761029,0.0159754678606987,0.0159754678606987,0.0159754678606987
2020-05-25 04:00:00,0.0222692854068142,0.031432218849658966,0.031432218849658966,0.031432218849658966
2020-05-25 05:00:00,0.0369524537236303,0.04030486196279526,0.04030486196279526,0.04030486196279526
2020-05-25 06:00:00,0.0308814966279226,0.03713322430849075,0.03713322430849075,0.03713322430849075
2020-05-25 07:00:00,0.0510044339216552,0.03577059507369995,0.03577059507369995,0.03577059507369995
2020-05-25 08:00:00,0.0485300114794096,0.042398229241371155,0.042398229241371155,0.042398229241371155
2020-05-25 09:00:00,0.0446415862083142,0.03947925567626953,0.03947925567626953,0.03947925567626953
2020-05-25 10:00:00,0.0397802000696988,0.03697739914059639,0.03697739914059639,0.03697739914059639
2020-05-25 11:00:00,0.0497818502347062,0.03162205591797829,0.03162205591797829,0.03162205591797829
2020-05-25 12:00:00,0.0338371307627664,0.027885381132364273,0.027885381132364273,0.027885381132364273
2020-05-25 13:00:00,0.0352455466043445,0.03051759861409664,0.03051759861409664,0.03051759861409664
2020-05-25 14:00:00,0.0302306951192112,0.02972395345568657,0.02972395345568657,0.02972395345568657
2020-05-25 15:00:00,0.0331498370333904,0.02672182209789753,0.02672182209789753,0.02672182209789753
2020-05-25 16:00:00,0.0293252260008578,0.0280403271317482,0.0280403271317482,0.0280403271317482
2020-05-25 17:00:00,0.0275148299612619,0.026240922510623932,0.026240922510623932,0.026240922510623932
2020-05-25 18:00:00,0.022144780456795,0.021855980157852173,0.021855980157852173,0.021855980157852173
2020-05-25 19:00:00,0.0230729982780965,0.02065120078623295,0.02065120078623295,0.02065120078623295
2020-05-25 20:00:00,0.0212153250112525,0.018894238397479057,0.018894238397479057,0.018894238397479057
2020-05-25 21:00:00,0.0123168101597709,0.010814427398145199,0.010814427398145199,0.010814427398145199
2020-05-25 22:00:00,0.0080235158298481,0.005615470930933952,0.005615470930933952,0.005615470930933952
2020-05-25 23:00:00,0.0065284663248903,0.004395622760057449,0.004395622760057449,0.004395622760057449
2020-05-26 00:00:00,0.005496123091069,0.0043519772589206696,0.0043519772589206696,0.0043519772589206696
2020-05-26 01:00:00,0.0056817666559199,0.004023624584078789,0.004023624584078789,0.004023624584078789
2020-05-26 02:00:00,0.0059490933875935,0.0009004510939121246,0.0009004510939121246,0.0009004510939121246
2020-05-26 03:00:00,0.0089419976780331,0.007593422196805477,0.007593422196805477,0.007593422196805477
2020-05-26 04:00:00,0.0250550339816528,0.02036370523273945,0.02036370523273945,0.02036370523273945
2020-05-26 05:00:00,0.0283580042786894,0.02872302755713463,0.02872302755713463,0.02872302755713463
2020-05-26 06:00:00,0.0324237633545973,0.03125956654548645,0.03125956654548645,0.03125956654548645
2020-05-26 07:00:00,0.0391696379420552,0.03468765318393707,0.03468765318393707,0.03468765318393707
2020-05-26 08:00:00,0.0383961230905707,0.037144336849451065,0.037144336849451065,0.037144336849451065
2020-05-26 09:00:00,0.0428259685751134,0.036360953003168106,0.036360953003168106,0.036360953003168106
2020-05-26 10:00:00,0.0503482458028469,0.03782258555293083,0.03782258555293083,0.03782258555293083
2020-05-26 11:00:00,0.0283078167599282,0.032456815242767334,0.032456815242767334,0.032456815242767334
2020-05-26 12:00:00,0.0441786913474001,0.032638657838106155,0.032638657838106155,0.032638657838106155
2020-05-26 13:00:00,0.0337442854072946,0.03112303838133812,0.03112303838133812,0.03112303838133812
2020-05-26 14:00:00,0.0268431302912919,0.02836117148399353,0.02836117148399353,0.02836117148399353
2020-05-26 15:00:00,0.0289651246340783,0.02810032106935978,0.02810032106935978,0.02810032106935978
2020-05-26 16:00:00,0.0318921048316015,0.026215815916657448,0.026215815916657448,0.026215815916657448
2020-05-26 17:00:00,0.0223401246335778,0.025567693635821342,0.025567693635821342,0.025567693635821342
2020-05-26 18:00:00,0.027105636185724,0.022380491718649864,0.022380491718649864,0.022380491718649864
2020-05-26 19:00:00,0.0248605866797805,0.019525811076164246,0.019525811076164246,0.019525811076164246
2020-05-26 20:00:00,0.0178853391555339,0.016651127487421036,0.016651127487421036,0.016651127487421036
2020-05-26 21:00:00,0.0141584414657626,0.013517102226614952,0.013517102226614952,0.013517102226614952
2020-05-26 22:00:00,0.0096973382120779,0.01118277944624424,0.01118277944624424,0.01118277944624424
2020-05-26 23:00:00,0.0067907375520144,0.00463368184864521,0.00463368184864521,0.00463368184864521
2020-05-27 00:00:00,0.0042907375525133,0.0024708565324544907,0.0024708565324544907,0.0024708565324544907
2020-05-27 01:00:00,0.0038476682450846,0.0019257087260484695,0.0019257087260484695,0.0019257087260484695
2020-05-27 02:00:00,0.004558064284694,0.005501437932252884,0.005501437932252884,0.005501437932252884
2020-05-27 03:00:00,0.0100027837566315,0.004456654191017151,0.004456654191017151,0.004456654191017151
2020-05-27 04:00:00,0.0274078992681958,0.02229554019868374,0.02229554019868374,0.02229554019868374
2020-05-27 05:00:00,0.0385456880470591,0.030791256576776505,0.030791256576776505,0.030791256576776505
2020-05-27 06:00:00,0.0403344669249619,0.04169268533587456,0.04169268533587456,0.04169268533587456
2020-05-27 07:00:00,0.0484799289711538,0.04226994514465332,0.04226994514465332,0.04226994514465332
2020-05-27 08:00:00,0.0402504125412528,0.0340021476149559,0.0340021476149559,0.0340021476149559
2020-05-27 09:00:00,0.0450733734087686,0.042409203946590424,0.042409203946590424,0.042409203946590424
2020-05-27 10:00:00,0.0456740334747796,0.04195250943303108,0.04195250943303108,0.04195250943303108
2020-05-27 11:00:00,0.0436703206034853,0.034522175788879395,0.034522175788879395,0.034522175788879395
2020-05-27 12:00:00,0.0371930928807191,0.038242802023887634,0.038242802023887634,0.038242802023887634
2020-05-27 13:00:00,0.0340891324846769,0.026296773925423622,0.026296773925423622,0.026296773925423622
2020-05-27 14:00:00,0.0385817067421001,0.02826686017215252,0.02826686017215252,0.02826686017215252
2020-05-27 15:00:00,0.0295305516266006,0.026655616238713264,0.026655616238713264,0.026655616238713264
2020-05-27 16:00:00,0.0285172029702936,0.028338750824332237,0.028338750824332237,0.028338750824332237
2020-05-27 17:00:00,0.0212089521452125,0.024412736296653748,0.024412736296653748,0.024412736296653748
2020-05-27 18:00:00,0.0248318894389469,0.022659428417682648,0.022659428417682648,0.022659428417682648
2020-05-27 19:00:00,0.0239853547854778,0.01970764622092247,0.01970764622092247,0.01970764622092247
2020-05-27 20:00:00,0.0186338696369571,0.02067418023943901,0.02067418023943901,0.02067418023943901
2020-05-27 21:00:00,0.0145431105610631,0.014880375005304813,0.014880375005304813,0.014880375005304813
2020-05-27 22:00:00,0.0096049917491717,0.010124444030225277,0.010124444030225277,0.010124444030225277
2020-05-27 23:00:00,0.0051280940594071,0.005994513630867004,0.005994513630867004,0.005994513630867004
2020-05-28 00:00:00,0.0035860148514831,0.004935352131724358,0.004935352131724358,0.004935352131724358
2020-05-28 01:00:00,0.0038805693069372,0.0023615416139364243,0.0023615416139364243,0.0023615416139364243
2020-05-28 02:00:00,0.0131627475247497,0.004671724513173103,0.004671724513173103,0.004671724513173103
2020-05-28 03:00:00,0.0294655528052708,0.009611580520868301,0.009611580520868301,0.009611580520868301
2020-05-28 04:00:00,0.0343492161716174,0.01606288179755211,0.01606288179755211,0.01606288179755211
2020-05-28 05:00:00,0.0474790916591725,0.04057951271533966,0.04057951271533966,0.04057951271533966
2020-05-28 06:00:00,0.0504238111311114,0.037740204483270645,0.037740204483270645,0.037740204483270645
2020-05-28 07:00:00,0.0473668804380473,0.04025270789861679,0.04025270789861679,0.04025270789861679
2020-05-28 08:00:00,0.0487716246624671,0.04763815551996231,0.04763815551996231,0.04763815551996231
2020-05-28 09:00:00,0.0548264926492556,0.04264654219150543,0.04264654219150543,0.04264654219150543
2020-05-28 10:00:00,0.0538252550255075,0.03537515550851822,0.03537515550851822,0.03537515550851822
2020-05-28 11:00:00,0.0377089183918353,0.04197461158037186,0.04197461158037186,0.04197461158037186
2020-05-28 12:00:00,0.0318310306030565,0.040967732667922974,0.040967732667922974,0.040967732667922974
2020-05-28 13:00:00,0.0438481098109957,0.03459436818957329,0.03459436818957329,0.03459436818957329
2020-05-28 14:00:00,0.0278403746624491,0.028680721297860146,0.028680721297860146,0.028680721297860146
2020-05-28 15:00:00,0.0313898796129673,0.029896795749664307,0.029896795749664307,0.029896795749664307
2020-05-28 16:00:00,0.0366457301980173,0.03120085783302784,0.03120085783302784,0.03120085783302784
2020-05-28 17:00:00,0.0306805211771169,0.0262045506387949,0.0262045506387949,0.0262045506387949
2020-05-28 18:00:00,0.0256513957650737,0.023052845150232315,0.023052845150232315,0.023052845150232315
2020-05-28 19:00:00,0.0190144320682061,0.021216580644249916,0.021216580644249916,0.021216580644249916
2020-05-28 20:00:00,0.0210886894939522,0.022097257897257805,0.022097257897257805,0.022097257897257805
2020-05-28 21:00:00,0.0129979304185328,0.013704227283596992,0.013704227283596992,0.013704227283596992
2020-05-28 22:00:00,0.0082330789328958,0.01175394095480442,0.01175394095480442,0.01175394095480442
2020-05-28 23:00:00,0.0051033759626008,0.007889363914728165,0.007889363914728165,0.007889363914728165
2020-05-29 00:00:00,0.0043929799234819,0.00625571608543396,0.00625571608543396,0.00625571608543396
2020-05-29 01:00:00,0.0049709502200283,0.005283767357468605,0.005283767357468605,0.005283767357468605
2020-05-29 02:00:00,0.0258185849834894,0.005892232060432434,0.005892232060432434,0.005892232060432434
2020-05-29 03:00:00,0.0248837665016477,0.008120628073811531,0.008120628073811531,0.008120628073811531
2020-05-29 04:00:00,0.0324637995049586,0.017623968422412872,0.017623968422412872,0.017623968422412872
2020-05-29 05:00:00,0.04084540016501,0.033493440598249435,0.033493440598249435,0.033493440598249435
2020-05-29 06:00:00,0.0402087458745945,0.035476215183734894,0.035476215183734894,0.035476215183734894
2020-05-29 07:00:00,0.0582669141914233,0.05173399671912193,0.05173399671912193,0.05173399671912193
2020-05-29 08:00:00,0.0597157590759034,0.052063122391700745,0.052063122391700745,0.052063122391700745
2020-05-29 09:00:00,0.0521918316831732,0.040530040860176086,0.040530040860176086,0.040530040860176086
2020-05-29 10:00:00,0.0611850935093544,0.0434596985578537,0.0434596985578537,0.0434596985578537
2020-05-29 11:00:00,0.0496904565461434,0.040798552334308624,0.040798552334308624,0.040798552334308624
2020-05-29 12:00:00,0.0395741199119982,0.03940409794449806,0.03940409794449806,0.03940409794449806
2020-05-29 13:00:00,0.049254717041453,0.032150160521268845,0.032150160521268845,0.032150160521268845
2020-05-29 14:00:00,0.0305835124210192,0.03356558829545975,0.03356558829545975,0.03356558829545975
2020-05-29 15:00:00,0.0296206411338834,0.02635887823998928,0.02635887823998928,0.02635887823998928
2020-05-29 16:00:00,0.0307617302427864,0.03571273386478424,0.03571273386478424,0.03571273386478424
2020-05-29 17:00:00,0.028935410110785,0.0250364001840353,0.0250364001840353,0.0250364001840353
2020-05-29 18:00:00,0.0251558721574746,0.02692580409348011,0.02692580409348011,0.02692580409348011
2020-05-29 19:00:00,0.021696438713644,0.018791086971759796,0.018791086971759796,0.018791086971759796
2020-05-29 20:00:00,0.0225924783175924,0.0207333043217659,0.0207333043217659,0.0207333043217659
2020-05-29 21:00:00,0.0174436884391045,0.014959486201405525,0.014959486201405525,0.014959486201405525
2020-05-29 22:00:00,0.0092324673165013,0.010211076587438583,0.010211076587438583,0.010211076587438583
2020-05-29 23:00:00,0.0063255366234301,0.006735671311616898,0.006735671311616898,0.006735671311616898
2020-05-30 00:00:00,0.0048816422344825,0.0026125460863113403,0.0026125460863113403,0.0026125460863113403
2020-05-30 01:00:00,0.0036860976795343,0.0005141943693161011,0.0005141943693161011,0.0005141943693161011
2020-05-30 02:00:00,0.0042331273830097,0.0018604043871164322,0.0018604043871164322,0.0018604043871164322
2020-05-30 03:00:00,0.0052133254027961,0.005213551223278046,0.005213551223278046,0.005213551223278046
2020-05-30 04:00:00,0.0090177808478522,0.01032290980219841,0.01032290980219841,0.01032290980219841
2020-05-30 05:00:00,0.0204625003197968,0.019353322684764862,0.019353322684764862,0.019353322684764862
2020-05-30 06:00:00,0.0299223463043981,0.027879487723112106,0.027879487723112106,0.027879487723112106
2020-05-30 07:00:00,0.0332449535651261,0.037777967751026154,0.037777967751026154,0.037777967751026154
2020-05-30 08:00:00,0.0316962736971372,0.035745978355407715,0.035745978355407715,0.035745978355407715
2020-05-30 09:00:00,0.0356954486146315,0.03559160605072975,0.03559160605072975,0.03559160605072975
2020-05-30 10:00:00,0.0290238314529125,0.03221813961863518,0.03221813961863518,0.03221813961863518
2020-05-30 11:00:00,0.024739177987566,0.028998084366321564,0.028998084366321564,0.028998084366321564
2020-05-30 12:00:00,0.0268757291426856,0.02986328862607479,0.02986328862607479,0.02986328862607479
2020-05-30 13:00:00,0.0267701185816212,0.0256344024091959,0.0256344024091959,0.0256344024091959
2020-05-30 14:00:00,0.0199173958093544,0.021733524277806282,0.021733524277806282,0.021733524277806282
2020-05-30 15:00:00,0.0225246565354203,0.026299096643924713,0.026299096643924713,0.026299096643924713
2020-05-30 16:00:00,0.0218324123109935,0.02800697647035122,0.02800697647035122,0.02800697647035122
2020-05-30 17:00:00,0.0269499865684185,0.023169729858636856,0.023169729858636856,0.023169729858636856
2020-05-30 18:00:00,0.0219279156118319,0.023012125864624977,0.023012125864624977,0.023012125864624977
2020-05-30 19:00:00,0.0250826185816196,0.01767355389893055,0.01767355389893055,0.01767355389893055
2020-05-30 20:00:00,0.0179217274925221,0.017514247447252274,0.017514247447252274,0.017514247447252274
2020-05-30 21:00:00,0.0163408694067091,0.009863217361271381,0.009863217361271381,0.009863217361271381
2020-05-30 22:00:00,0.0097249453143005,0.005697550252079964,0.005697550252079964,0.005697550252079964
2020-05-30 23:00:00,0.007517024522218,0.004789147526025772,0.004789147526025772,0.004789147526025772
2020-05-31 00:00:00,0.0043359189116602,7.237493991851807e-05,7.237493991851807e-05,7.237493991851807e-05
2020-05-31 01:00:00,0.0034440047207248,0.0010977089405059814,0.0010977089405059814,0.0010977089405059814
2020-05-31 02:00:00,0.0040498215519272,0.000466860830783844,0.000466860830783844,0.000466860830783844
2020-05-31 03:00:00,0.0041191284831133,0.002889476716518402,0.002889476716518402,0.002889476716518402
2020-05-31 04:00:00,0.0062119502647944,0.00878460705280304,0.00878460705280304,0.00878460705280304
2020-05-31 05:00:00,0.0159248215519211,0.0182736087590456,0.0182736087590456,0.0182736087590456
2020-05-31 06:00:00,0.0223192109908688,0.026554634794592857,0.026554634794592857,0.026554634794592857
2020-05-31 07:00:00,0.026121191188882,0.030807223170995712,0.030807223170995712,0.030807223170995712
2020-05-31 08:00:00,0.0294265676567639,0.026588724926114082,0.026588724926114082,0.026588724926114082
2020-05-31 09:00:00,0.0245074257425769,0.0319373644888401,0.0319373644888401,0.0319373644888401
2020-05-31 10:00:00,0.0277912541254142,0.031355131417512894,0.031355131417512894,0.031355131417512894
2020-05-31 11:00:00,0.0253514851485125,0.028677431866526604,0.028677431866526604,0.028677431866526604
2020-05-31 12:00:00,0.0231633663371266,0.027759477496147156,0.027759477496147156,0.027759477496147156
2020-05-31 13:00:00,0.0230833333333366,0.024156473577022552,0.024156473577022552,0.024156473577022552
2020-05-31 14:00:00,0.0215462046204619,0.02653408795595169,0.02653408795595169,0.02653408795595169
2020-05-31 15:00:00,0.0269071782188158,0.028500765562057495,0.028500765562057495,0.028500765562057495
2020-05-31 16:00:00,0.0271736798684817,0.029016535729169846,0.029016535729169846,0.029016535729169846
2020-05-31 17:00:00,0.0252466996699652,0.024072997272014618,0.024072997272014618,0.024072997272014618
2020-05-31 18:00:00,0.0234125412541235,0.020832497626543045,0.020832497626543045,0.020832497626543045
2020-05-31 19:00:00,0.0156571782183183,0.021274175494909286,0.021274175494909286,0.021274175494909286
2020-05-31 20:00:00,0.0201101485153455,0.01824709214270115,0.01824709214270115,0.01824709214270115
2020-05-31 21:00:00,0.0157157590759012,0.013939597643911839,0.013939597643911839,0.013939597643911839
2020-05-31 22:00:00,0.0111687293734408,0.008546421304345131,0.008546421304345131,0.008546421304345131
2020-05-31 23:00:00,0.0022112211518155,0.002831505611538887,0.002831505611538887,0.002831505611538887
2020-06-01 00:00:00,0.015400577557759,0.0037129223346710205,0.0037129223346710205,0.0037129223346710205
2020-06-01 01:00:00,0.0039698844884465,0.004143605008721352,0.004143605008721352,0.004143605008721352
2020-06-01 02:00:00,0.0031514026402628,0.004910582676529884,0.004910582676529884,0.004910582676529884
2020-06-01 03:00:00,0.0039946369636978,0.0075304582715034485,0.0075304582715034485,0.0075304582715034485
2020-06-01 04:00:00,0.008030528052808,0.01740456558763981,0.01740456558763981,0.01740456558763981
2020-06-01 05:00:00,0.0174719471947173,0.02152012661099434,0.02152012661099434,0.02152012661099434
2020-06-01 06:00:00,0.0226320132018115,0.04196711629629135,0.04196711629629135,0.04196711629629135
2020-06-01 07:00:00,0.0296664603960511,0.03859712928533554,0.03859712928533554,0.03859712928533554
2020-06-01 08:00:00,0.0282767964296445,0.039687830954790115,0.039687830954790115,0.039687830954790115
2020-06-01 09:00:00,0.0295981986356517,0.04079802706837654,0.04079802706837654,0.04079802706837654
2020-06-01 10:00:00,0.0301782316394468,0.03977575525641441,0.03977575525641441,0.03977575525641441
2020-06-01 11:00:00,0.0222091722330112,0.03486555069684982,0.03486555069684982,0.03486555069684982
2020-06-01 12:00:00,0.0234752613424215,0.030931411311030388,0.030931411311030388,0.030931411311030388
2020-06-01 13:00:00,0.0225755088666749,0.03227431699633598,0.03227431699633598,0.03227431699633598
2020-06-01 14:00:00,0.0225334296587509,0.029355989769101143,0.029355989769101143,0.029355989769101143
2020-06-01 15:00:00,0.02729621843813,0.037405967712402344,0.037405967712402344,0.037405967712402344
2020-06-01 16:00:00,0.030022291044891,0.03324590623378754,0.03324590623378754,0.03324590623378754
2020-06-01 17:00:00,0.0235136276785646,0.02437545359134674,0.02437545359134674,0.02437545359134674
2020-06-01 18:00:00,0.0223660557789985,0.03031739592552185,0.03031739592552185,0.03031739592552185
2020-06-01 19:00:00,0.0190435860315394,0.026126446202397346,0.026126446202397346,0.026126446202397346
2020-06-01 20:00:00,0.0182317048434182,0.019016366451978683,0.019016366451978683,0.019016366451978683
2020-06-01 21:00:00,0.0149305497278982,0.015001541934907436,0.015001541934907436,0.015001541934907436
2020-06-01 22:00:00,0.0090145431272488,0.011308209039270878,0.011308209039270878,0.011308209039270878
2020-06-01 23:00:00,0.0063350876817055,0.00539352186024189,0.00539352186024189,0.00539352186024189
2020-06-02 00:00:00,0.0058177609495172,0.006291350349783897,0.006291350349783897,0.006291350349783897
2020-06-02 01:00:00,0.0032442107368592,0.006354201585054398,0.006354201585054398,0.006354201585054398
2020-06-02 02:00:00,0.0047392602418148,0.00771871954202652,0.00771871954202652,0.00771871954202652
2020-06-02 03:00:00,0.0091668179975925,0.00816921517252922,0.00816921517252922,0.00816921517252922
2020-06-02 04:00:00,0.0344998574857407,0.03628861531615257,0.03628861531615257,0.03628861531615257
2020-06-02 05:00:00,0.0295864911496181,0.04028547555208206,0.04028547555208206,0.04028547555208206
2020-06-02 06:00:00,0.0557500825082502,0.03600028157234192,0.03600028157234192,0.03600028157234192
2020-06-02 07:00:00,0.0352434818481826,0.03739608824253082,0.03739608824253082,0.03739608824253082
2020-06-02 08:00:00,0.0453301155120435,0.0434730164706707,0.0434730164706707,0.0434730164706707
2020-06-02 09:00:00,0.0393383663366275,0.03307458013296127,0.03307458013296127,0.03307458013296127
2020-06-02 10:00:00,0.034887046204621,0.041045017540454865,0.041045017540454865,0.041045017540454865
2020-06-02 11:00:00,0.0361915016501657,0.04129904508590698,0.04129904508590698,0.04129904508590698
2020-06-02 12:00:00,0.0380248349835002,0.033138860017061234,0.033138860017061234,0.033138860017061234
2020-06-02 13:00:00,0.0277859735973614,0.03023592382669449,0.03023592382669449,0.03023592382669449
2020-06-02 14:00:00,0.0280087458745832,0.041842732578516006,0.041842732578516006,0.041842732578516006
2020-06-02 15:00:00,0.0318702970297089,0.03372586518526077,0.03372586518526077,0.03372586518526077
2020-06-02 16:00:00,0.0356211221122092,0.0346498116850853,0.0346498116850853,0.0346498116850853
2020-06-02 17:00:00,0.0249449669972014,0.028131935745477676,0.028131935745477676,0.028131935745477676
2020-06-02 18:00:00,0.0303236798684849,0.02574753202497959,0.02574753202497959,0.02574753202497959
2020-06-02 19:00:00,0.0257898514851459,0.027037885040044785,0.027037885040044785,0.027037885040044785
2020-06-02 20:00:00,0.0183350660065956,0.026798421517014503,0.026798421517014503,0.026798421517014503
2020-06-02 21:00:00,0.0148985384262599,0.015633776783943176,0.015633776783943176,0.015633776783943176
2020-06-02 22:00:00,0.0098861621881444,0.011303948238492012,0.011303948238492012,0.011303948238492012
2020-06-02 23:00:00,0.0055160537482343,0.006991798058152199,0.006991798058152199,0.006991798058152199
2020-06-03 00:00:00,0.0054516148048281,0.005989206954836845,0.005989206954836845,0.005989206954836845
2020-06-03 01:00:00,0.0046120933521955,0.006261689588427544,0.006261689588427544,0.006261689588427544
2020-06-03 02:00:00,0.0054157237152298,0.006486998870968819,0.006486998870968819,0.006486998870968819
2020-06-03 03:00:00,0.0078715818010371,0.015184657648205757,0.015184657648205757,0.015184657648205757
2020-06-03 04:00:00,0.0224826143328648,0.0320998840034008,0.0320998840034008,0.0320998840034008
2020-06-03 05:00:00,0.0414826143328539,0.03762266784906387,0.03762266784906387,0.03762266784906387
2020-06-03 06:00:00,0.0389500825082466,0.03525751829147339,0.03525751829147339,0.03525751829147339
2020-06-03 07:00:00,0.0567219471947249,0.04076453298330307,0.04076453298330307,0.04076453298330307
2020-06-03 08:00:00,0.0448704620462086,0.040802352130413055,0.040802352130413055,0.040802352130413055
2020-06-03 09:00:00,0.0441225247524749,0.04233482480049133,0.04233482480049133,0.04233482480049133
2020-06-03 10:00:00,0.0499360561056124,0.0441061407327652,0.0441061407327652,0.0441061407327652
2020-06-03 11:00:00,0.0360746699669929,0.0418761782348156,0.0418761782348156,0.0418761782348156
2020-06-03 12:00:00,0.0346250000000012,0.04405174031853676,0.04405174031853676,0.04405174031853676
2020-06-03 13:00:00,0.0360519801980133,0.036999255418777466,0.036999255418777466,0.036999255418777466
2020-06-03 14:00:00,0.039751060820365,0.038756996393203735,0.038756996393203735,0.038756996393203735
2020-06-03 15:00:00,0.0310167373880273,0.03493398055434227,0.03493398055434227,0.03493398055434227
2020-06-03 16:00:00,0.0289449552098102,0.03580493479967117,0.03580493479967117,0.03580493479967117
2020-06-03 17:00:00,0.0253100542197061,0.029771994799375534,0.029771994799375534,0.029771994799375534
2020-06-03 18:00:00,0.0282993281480936,0.02489696815609932,0.02489696815609932,0.02489696815609932
2020-06-03 19:00:00,0.0223405822725165,0.02641807310283184,0.02641807310283184,0.02641807310283184
2020-06-03 20:00:00,0.0206351367284501,0.0199174452573061,0.0199174452573061,0.0199174452573061
2020-06-03 21:00:00,0.0160584040551887,0.01751667633652687,0.01751667633652687,0.01751667633652687
2020-06-03 22:00:00,0.0105229255068331,0.013391013257205486,0.013391013257205486,0.013391013257205486
2020-06-03 23:00:00,0.0063607967944621,0.009976970963180065,0.009976970963180065,0.009976970963180065
2020-06-04 00:00:00,0.004850895804857,0.004548346623778343,0.004548346623778343,0.004548346623778343
2020-06-04 01:00:00,0.0033789486091408,0.00617685541510582,0.00617685541510582,0.00617685541510582
2020-06-04 02:00:00,0.0043220179160808,0.005976390093564987,0.005976390093564987,0.005976390093564987
2020-06-04 03:00:00,0.0078162423385208,0.015560954809188843,0.015560954809188843,0.015560954809188843
2020-06-04 04:00:00,0.0316773927392747,0.031704921275377274,0.031704921275377274,0.031704921275377274
2020-06-04 05:00:00,0.0495684818481792,0.03518396615982056,0.03518396615982056,0.03518396615982056
2020-06-04 06:00:00,0.0549467821782283,0.0385315865278244,0.0385315865278244,0.0385315865278244
2020-06-04 07:00:00,0.0451670792079156,0.040543802082538605,0.040543802082538605,0.040543802082538605
2020-06-04 08:00:00,0.0402611386138559,0.039526961743831635,0.039526961743831635,0.039526961743831635
2020-06-04 09:00:00,0.0522040429042876,0.04413658380508423,0.04413658380508423,0.04413658380508423
2020-06-04 10:00:00,0.0561367986798775,0.04183615744113922,0.04183615744113922,0.04183615744113922
2020-06-04 11:00:00,0.0472952145214578,0.03869817778468132,0.03869817778468132,0.03869817778468132
2020-06-04 12:00:00,0.0575072607260621,0.042537935078144073,0.042537935078144073,0.042537935078144073
2020-06-04 13:00:00,0.0417044554455488,0.03872924670577049,0.03872924670577049,0.03872924670577049
2020-06-04 14:00:00,0.0354950495049488,0.0391257107257843,0.0391257107257843,0.0391257107257843
2020-06-04 15:00:00,0.0312116336633606,0.03819521516561508,0.03819521516561508,0.03819521516561508
2020-06-04 16:00:00,0.0318238448844895,0.032264843583106995,0.032264843583106995,0.032264843583106995
2020-06-04 17:00:00,0.0270886963696362,0.028193846344947815,0.028193846344947815,0.028193846344947815
2020-06-04 18:00:00,0.0228849009905993,0.023627994582057,0.023627994582057,0.023627994582057
2020-06-04 19:00:00,0.0198085808580794,0.02342621423304081,0.02342621423304081,0.02342621423304081
2020-06-04 20:00:00,0.0154768976897606,0.02087748423218727,0.02087748423218727,0.02087748423218727
2020-06-04 21:00:00,0.0127054455450557,0.016908658668398857,0.016908658668398857,0.016908658668398857
2020-06-04 22:00:00,0.0114414191419195,0.008816061541438103,0.008816061541438103,0.008816061541438103
2020-06-04 23:00:00,0.0072607260726043,0.006425347179174423,0.006425347179174423,0.006425347179174423
2020-06-05 00:00:00,0.0044045261668972,0.0039816964417696,0.0039816964417696,0.0039816964417696
2020-06-05 01:00:00,0.0041272984441403,0.0035835914313793182,0.0035835914313793182,0.0035835914313793182
2020-06-05 02:00:00,0.0030010608203595,0.00492139533162117,0.00492139533162117,0.00492139533162117
2020-06-05 03:00:00,0.0053913248467701,0.011127708479762077,0.011127708479762077,0.011127708479762077
2020-06-05 04:00:00,0.0084239671734992,0.028100011870265007,0.028100011870265007,0.028100011870265007
2020-06-05 05:00:00,0.017970996876487,0.036980994045734406,0.036980994045734406,0.036980994045734406
2020-06-05 06:00:00,0.0231731420914856,0.03583798557519913,0.03583798557519913,0.03583798557519913
2020-06-05 07:00:00,0.0256803320957105,0.045162707567214966,0.045162707567214966,0.045162707567214966
2020-06-05 08:00:00,0.0309938634488408,0.04027789831161499,0.04027789831161499,0.04027789831161499
2020-06-05 09:00:00,0.0305820647694687,0.0488397590816021,0.0488397590816021,0.0488397590816021
2020-06-05 10:00:00,0.0262413056930718,0.042130958288908005,0.042130958288908005,0.042130958288908005
2020-06-05 11:00:00,0.0289410881718111,0.04679157957434654,0.04679157957434654,0.04679157957434654
2020-06-05 12:00:00,0.0224138604485439,0.04040573164820671,0.04040573164820671,0.04040573164820671
2020-06-05 13:00:00,0.0233841574787466,0.038684599101543427,0.038684599101543427,0.038684599101543427
2020-06-05 14:00:00,0.0215999990624071,0.036356210708618164,0.036356210708618164,0.036356210708618164
2020-06-05 15:00:00,0.0211198010426069,0.03366551175713539,0.03366551175713539,0.03366551175713539
2020-06-05 16:00:00,0.0219722762906236,0.02775503881275654,0.02775503881275654,0.02775503881275654
2020-06-05 17:00:00,0.023573348897388,0.027975259348750114,0.027975259348750114,0.027975259348750114
2020-06-05 18:00:00,0.0215829198544889,0.02241034246981144,0.02241034246981144,0.02241034246981144
2020-06-05 19:00:00,0.0221146030228032,0.021499596536159515,0.021499596536159515,0.021499596536159515
2020-06-05 20:00:00,0.018972688831383,0.01721217855811119,0.01721217855811119,0.01721217855811119
2020-06-05 21:00:00,0.016494388501344,0.012010042555630207,0.012010042555630207,0.012010042555630207
2020-06-05 22:00:00,0.0121401093239301,0.012480535544455051,0.012480535544455051,0.012480535544455051
2020-06-05 23:00:00,0.0100242527382767,0.005074989050626755,0.005074989050626755,0.005074989050626755
2020-06-06 00:00:00,0.0091559359060834,0.003678828477859497,0.003678828477859497,0.003678828477859497
2020-06-06 01:00:00,0.0067417444874499,0.004236448556184769,0.004236448556184769,0.004236448556184769
2020-06-06 02:00:00,0.0074372890414001,0.003431309014558792,0.003431309014558792,0.003431309014558792
2020-06-06 03:00:00,0.0089117114841389,0.004927193745970726,0.004927193745970726,0.004927193745970726
2020-06-06 04:00:00,0.0105693022427266,0.009153889492154121,0.009153889492154121,0.009153889492154121
2020-06-06 05:00:00,0.0211559359060881,0.017876701429486275,0.017876701429486275,0.017876701429486275
2020-06-06 06:00:00,0.0274032543879416,0.02525128424167633,0.02525128424167633,0.02525128424167633
2020-06-06 07:00:00,0.0350962942276354,0.027292104437947273,0.027292104437947273,0.027292104437947273
2020-06-06 08:00:00,0.030687878386053,0.027818022295832634,0.027818022295832634,0.027818022295832634
2020-06-06 09:00:00,0.0361779773959485,0.024175692349672318,0.024175692349672318,0.024175692349672318
2020-06-06 10:00:00,0.0327710617043953,0.02753053791821003,0.02753053791821003,0.02753053791821003
2020-06-06 11:00:00,0.0248548075789724,0.02799348719418049,0.02799348719418049,0.02799348719418049
2020-06-06 12:00:00,0.0274657296091666,0.021929163485765457,0.021929163485765457,0.021929163485765457
2020-06-06 13:00:00,0.0224032902765021,0.02194880321621895,0.02194880321621895,0.02194880321621895
2020-06-06 14:00:00,0.0303082289846662,0.018900694325566292,0.018900694325566292,0.018900694325566292
2020-06-06 15:00:00,0.0252106629785522,0.022712871432304382,0.022712871432304382,0.022712871432304382
2020-06-06 16:00:00,0.0234152834401234,0.02547338977456093,0.02547338977456093,0.02547338977456093
2020-06-06 17:00:00,0.0231269171034673,0.025220109149813652,0.025220109149813652,0.025220109149813652
2020-06-06 18:00:00,0.0211331052227818,0.0201508030295372,0.0201508030295372,0.0201508030295372
2020-06-06 19:00:00,0.0177378907008343,0.01896868459880352,0.01896868459880352,0.01896868459880352
2020-06-06 20:00:00,0.0162890458168463,0.018266085535287857,0.018266085535287857,0.018266085535287857
2020-06-06 21:00:00,0.0155208940021498,0.013965822756290436,0.013965822756290436,0.013965822756290436
2020-06-06 22:00:00,0.0120522471364846,0.010258317925035954,0.010258317925035954,0.010258317925035954
2020-06-06 23:00:00,0.0078226384613207,0.0065193772315979,0.0065193772315979,0.0065193772315979
2020-06-07 00:00:00,0.006218678065784,0.005100099369883537,0.005100099369883537,0.005100099369883537
2020-06-07 01:00:00,0.0035949746235067,0.003992950543761253,0.003992950543761253,0.003992950543761253
2020-06-07 02:00:00,0.0033305356796191,0.004875898361206055,0.004875898361206055,0.004875898361206055
2020-06-07 03:00:00,0.0041943970662533,0.007321322336792946,0.007321322336792946,0.007321322336792946
2020-06-07 04:00:00,0.0077469273187806,0.009420940652489662,0.009420940652489662,0.009420940652489662
2020-06-07 05:00:00,0.0165474223682909,0.023380964994430542,0.023380964994430542,0.023380964994430542
2020-06-07 06:00:00,0.0200545811728948,0.031724415719509125,0.031724415719509125,0.031724415719509125
2020-06-07 07:00:00,0.0263897709413782,0.03131197392940521,0.03131197392940521,0.03131197392940521
2020-06-07 08:00:00,0.0288208176174805,0.032043009996414185,0.032043009996414185,0.032043009996414185
2020-06-07 09:00:00,0.0316640519413997,0.02669810876250267,0.02669810876250267,0.02669810876250267
2020-06-07 10:00:00,0.0256948275189635,0.027765795588493347,0.027765795588493347,0.027765795588493347
2020-06-07 11:00:00,0.0299126493006434,0.027750883251428604,0.027750883251428604,0.027750883251428604
2020-06-07 12:00:00,0.0288804710833193,0.022606035694479942,0.022606035694479942,0.022606035694479942
2020-06-07 13:00:00,0.0268686056105576,0.025767598301172256,0.025767598301172256,0.025767598301172256
2020-06-07 14:00:00,0.0250926155115549,0.023927899077534676,0.023927899077534676,0.023927899077534676
2020-06-07 15:00:00,0.0295357260731062,0.024597089737653732,0.024597089737653732,0.024597089737653732
2020-06-07 16:00:00,0.0278179042904189,0.028778422623872757,0.028778422623872757,0.028778422623872757
2020-06-07 17:00:00,0.029721782178224,0.028635522350668907,0.028635522350668907,0.028635522350668907
2020-06-07 18:00:00,0.0268876237628717,0.02244892530143261,0.02244892530143261,0.02244892530143261
2020-06-07 19:00:00,0.0206301980198004,0.01819448545575142,0.01819448545575142,0.01819448545575142
2020-06-07 20:00:00,0.0199315181518164,0.018598979339003563,0.018598979339003563,0.018598979339003563
2020-06-07 21:00:00,0.0130023102315211,0.018699536100029945,0.018699536100029945,0.018699536100029945
2020-06-07 22:00:00,0.0094057755780481,0.009629866108298302,0.009629866108298302,0.009629866108298302
2020-06-07 23:00:00,0.0064305280528075,0.00781403761357069,0.00781403761357069,0.00781403761357069
2020-06-08 00:00:00,0.0053108910896025,0.0008558593690395355,0.0008558593690395355,0.0008558593690395355
2020-06-08 01:00:00,0.0035097359736042,0.0013686660677194595,0.0013686660677194595,0.0013686660677194595
2020-06-08 02:00:00,0.0051245874587416,0.0028504766523838043,0.0028504766523838043,0.0028504766523838043
2020-06-08 03:00:00,0.0093679867986732,0.0035372674465179443,0.0035372674465179443,0.0035372674465179443
2020-06-08 04:00:00,0.0228424092409256,0.0101254191249609,0.0101254191249609,0.0101254191249609
2020-06-08 05:00:00,0.0373424092409329,0.03619415685534477,0.03619415685534477,0.03619415685534477
2020-06-08 06:00:00,0.0439471947194823,0.025111325085163116,0.025111325085163116,0.025111325085163116
2020-06-08 07:00:00,0.0472404840483922,0.02821115218102932,0.02821115218102932,0.02821115218102932
2020-06-08 08:00:00,0.0508419691969139,0.034898336976766586,0.034898336976766586,0.034898336976766586
2020-06-08 09:00:00,0.0470919691969295,0.030277561396360397,0.030277561396360397,0.030277561396360397
2020-06-08 10:00:00,0.0402709295929532,0.033295467495918274,0.033295467495918274,0.033295467495918274
2020-06-08 11:00:00,0.0444202695269488,0.036585960537195206,0.036585960537195206,0.036585960537195206
2020-06-08 12:00:00,0.0263329757975806,0.03691582381725311,0.03691582381725311,0.03691582381725311
2020-06-08 13:00:00,0.0382411166116669,0.027301274240016937,0.027301274240016937,0.027301274240016937
2020-06-08 14:00:00,0.0287513476347614,0.028956105932593346,0.028956105932593346,0.028956105932593346
2020-06-08 15:00:00,0.0297711496149649,0.028384603559970856,0.028384603559970856,0.028384603559970856
2020-06-08 16:00:00,0.0316039328932884,0.02517159841954708,0.02517159841954708,0.02517159841954708
2020-06-08 17:00:00,0.0282899300644404,0.025761786848306656,0.025761786848306656,0.025761786848306656
2020-06-08 18:00:00,0.0230308541568375,0.01978108659386635,0.01978108659386635,0.01978108659386635
2020-06-08 19:00:00,0.0200733459060233,0.018893664702773094,0.018893664702773094,0.018893664702773094
2020-06-08 20:00:00,0.0175667452464465,0.01682024635374546,0.01682024635374546,0.01682024635374546
2020-06-08 21:00:00,0.0116393525071763,0.013413178734481335,0.013413178734481335,0.013413178734481335
2020-06-08 22:00:00,0.0101305516265824,0.009171371348202229,0.009171371348202229,0.009171371348202229
2020-06-08 23:00:00,0.0071095120236278,0.006540434435009956,0.006540434435009956,0.006540434435009956
2020-06-09 00:00:00,0.0037530763805494,0.005141045898199081,0.005141045898199081,0.005141045898199081
2020-06-09 01:00:00,0.0033001060820408,0.0014456063508987427,0.0014456063508987427,0.0014456063508987427
2020-06-09 02:00:00,0.0051482909005093,0.0011664461344480515,0.0011664461344480515,0.0011664461344480515
2020-06-09 03:00:00,0.009046805752017,0.005019431933760643,0.005019431933760643,0.005019431933760643
2020-06-09 04:00:00,0.0229354196138731,0.01587202586233616,0.01587202586233616,0.01587202586233616
2020-06-09 05:00:00,0.0283859146629033,0.03444570675492287,0.03444570675492287,0.03444570675492287
2020-06-09 06:00:00,0.0521888024516699,0.04019647091627121,0.04019647091627121,0.04019647091627121
2020-06-09 07:00:00,0.0437466171617151,0.03763295337557793,0.03763295337557793,0.03763295337557793
2020-06-09 08:00:00,0.0431113036303692,0.03924825042486191,0.03924825042486191,0.03924825042486191
2020-06-09 09:00:00,0.0328210265763421,0.034054048359394073,0.034054048359394073,0.034054048359394073
2020-06-09 10:00:00,0.0416206140350874,0.03980763256549835,0.03980763256549835,0.03980763256549835
2020-06-09 11:00:00,0.0352794424179134,0.03982288017868996,0.03982288017868996,0.03982288017868996
2020-06-09 12:00:00,0.033703534827181,0.031990427523851395,0.031990427523851395,0.031990427523851395
2020-06-09 13:00:00,0.0305888483585118,0.03417633846402168,0.03417633846402168,0.03417633846402168
2020-06-09 14:00:00,0.029999326906385,0.029894251376390457,0.029894251376390457,0.029894251376390457
2020-06-09 15:00:00,0.0327447889525707,0.03168560937047005,0.03168560937047005,0.03168560937047005
2020-06-09 16:00:00,0.0311358780614988,0.028431542217731476,0.028431542217731476,0.028431542217731476
2020-06-09 17:00:00,0.0303976767413491,0.030835870653390884,0.030835870653390884,0.030835870653390884
2020-06-09 18:00:00,0.0314805975334362,0.028241941705346107,0.028241941705346107,0.028241941705346107
2020-06-09 19:00:00,0.0204558450581902,0.02445877715945244,0.02445877715945244,0.02445877715945244
2020-06-09 20:00:00,0.021727709744659,0.023941919207572937,0.023941919207572937,0.023941919207572937
2020-06-09 21:00:00,0.0144001519893794,0.013362552039325237,0.013362552039325237,0.013362552039325237
2020-06-09 22:00:00,0.0084155810317892,0.009952898137271404,0.009952898137271404,0.009952898137271404
2020-06-09 23:00:00,0.0075022146951562,0.008108415640890598,0.008108415640890598,0.008108415640890598
2020-06-10 00:00:00,0.004171356609833,0.003174778074026108,0.003174778074026108,0.003174778074026108
2020-06-10 01:00:00,0.0045517196456504,0.002488739788532257,0.002488739788532257,0.002488739788532257
2020-06-10 02:00:00,0.0060529572694127,0.004521198570728302,0.004521198570728302,0.004521198570728302
2020-06-10 03:00:00,0.0082295249261766,0.005243845283985138,0.005243845283985138,0.005243845283985138
2020-06-10 04:00:00,0.0222669141914134,0.026364604011178017,0.026364604011178017,0.026364604011178017
2020-06-10 05:00:00,0.0341751532296154,0.035564932972192764,0.035564932972192764,0.035564932972192764
2020-06-10 06:00:00,0.0377675624705331,0.04418199509382248,0.04418199509382248,0.04418199509382248
2020-06-10 07:00:00,0.0289598066949563,0.04264291375875473,0.04264291375875473,0.04264291375875473
2020-06-10 08:00:00,0.047991984912777,0.04811963438987732,0.04811963438987732,0.04811963438987732
2020-06-10 09:00:00,0.0442543611503939,0.0376705601811409,0.0376705601811409,0.0376705601811409
2020-06-10 10:00:00,0.0370712753418216,0.043020494282245636,0.043020494282245636,0.043020494282245636
2020-06-10 11:00:00,0.0384549387081533,0.03711259365081787,0.03711259365081787,0.03711259365081787
2020-06-10 12:00:00,0.0456184818481867,0.0325719378888607,0.0325719378888607,0.0325719378888607
2020-06-10 13:00:00,0.0325949669967067,0.02883472852408886,0.02883472852408886,0.02883472852408886
2020-06-10 14:00:00,0.0276915016501621,0.03866396099328995,0.03866396099328995,0.03866396099328995
2020-06-10 15:00:00,0.0283972772277252,0.03473305329680443,0.03473305329680443,0.03473305329680443
2020-06-10 16:00:00,0.030783415841589,0.033229175955057144,0.033229175955057144,0.033229175955057144
2020-06-10 17:00:00,0.0246780410183864,0.02871132828295231,0.02871132828295231,0.02871132828295231
2020-06-10 18:00:00,0.0251099717119513,0.024035364389419556,0.024035364389419556,0.024035364389419556
2020-06-10 19:00:00,0.0210002357378543,0.019059890881180763,0.019059890881180763,0.019059890881180763
2020-06-10 20:00:00,0.0193517208868735,0.01650196500122547,0.01650196500122547,0.01650196500122547
2020-06-10 21:00:00,0.0133607967944594,0.011434831656515598,0.011434831656515598,0.011434831656515598
2020-06-10 22:00:00,0.009899369401226,0.006748806685209274,0.006748806685209274,0.006748806685209274
2020-06-10 23:00:00,0.0061580327675623,0.0046356115490198135,0.0046356115490198135,0.0046356115490198135
2020-06-11 00:00:00,0.0041186056115483,0.004337424412369728,0.004337424412369728,0.004337424412369728
2020-06-11 01:00:00,0.0035369224422443,0.005598349496722221,0.005598349496722221,0.005598349496722221
2020-06-11 02:00:00,0.0046596239981143,0.0034578125923871994,0.0034578125923871994,0.0034578125923871994
2020-06-11 03:00:00,0.0085069837340912,0.00603514164686203,0.00603514164686203,0.00603514164686203
2020-06-11 04:00:00,0.0367293434705619,0.014186164364218712,0.014186164364218712,0.014186164364218712
2020-06-11 05:00:00,0.0360214226779683,0.027998745441436768,0.027998745441436768,0.027998745441436768
2020-06-11 06:00:00,0.0447002593116489,0.031145170331001282,0.031145170331001282,0.031145170331001282
2020-06-11 07:00:00,0.0449751768033974,0.041996706277132034,0.041996706277132034,0.041996706277132034
2020-06-11 08:00:00,0.0488376237623743,0.03578053414821625,0.03578053414821625,0.03578053414821625
2020-06-11 09:00:00,0.0429286185761357,0.04051424562931061,0.04051424562931061,0.04051424562931061
2020-06-11 10:00:00,0.0530915723715265,0.04192039370536804,0.04192039370536804,0.04192039370536804
2020-06-11 11:00:00,0.0362994931636026,0.036126211285591125,0.036126211285591125,0.036126211285591125
2020-06-11 12:00:00,0.037956093823665,0.04286076873540878,0.04286076873540878,0.04286076873540878
2020-06-11 13:00:00,0.0413909123055314,0.029698723927140236,0.029698723927140236,0.029698723927140236
2020-06-11 14:00:00,0.028920202734545,0.030150100588798523,0.030150100588798523,0.030150100588798523
2020-06-11 15:00:00,0.0337256917999518,0.025889601558446884,0.025889601558446884,0.025889601558446884
2020-06-11 16:00:00,0.0304620779385599,0.029019001871347427,0.029019001871347427,0.029019001871347427
2020-06-11 17:00:00,0.0334310548362552,0.028366293758153915,0.028366293758153915,0.028366293758153915
2020-06-11 18:00:00,0.0250003617669477,0.026089642196893692,0.026089642196893692,0.026089642196893692
2020-06-11 19:00:00,0.0243386455953244,0.025375325232744217,0.025375325232744217,0.025375325232744217
2020-06-11 20:00:00,0.0225882330540763,0.017930468544363976,0.017930468544363976,0.017930468544363976
2020-06-11 21:00:00,0.0159133155628177,0.014551594853401184,0.014551594853401184,0.014551594853401184
2020-06-11 22:00:00,0.0116319624270108,0.009332193061709404,0.009332193061709404,0.009332193061709404
2020-06-11 23:00:00,0.0090987941101853,0.0054796002805233,0.0054796002805233,0.0054796002805233
2020-06-12 00:00:00,0.0055880680380656,0.004368653520941734,0.004368653520941734,0.004368653520941734
2020-06-12 01:00:00,0.004649949225698,0.004659121856093407,0.004659121856093407,0.004659121856093407
2020-06-12 02:00:00,0.0218001142421923,0.002952510491013527,0.002952510491013527,0.002952510491013527
2020-06-12 03:00:00,0.0309367479055555,0.007264045998454094,0.007264045998454094,0.007264045998454094
2020-06-12 04:00:00,0.0383094059405977,0.013808573596179485,0.013808573596179485,0.013808573596179485
2020-06-12 05:00:00,0.0440445544554403,0.028841469436883926,0.028841469436883926,0.028841469436883926
2020-06-12 06:00:00,0.0408034240924136,0.034178245812654495,0.034178245812654495,0.034178245812654495
2020-06-12 07:00:00,0.0384713283828353,0.040007591247558594,0.040007591247558594,0.040007591247558594
2020-06-12 08:00:00,0.0419861798679878,0.040356919169425964,0.040356919169425964,0.040356919169425964
2020-06-12 09:00:00,0.0448681930693208,0.03923244774341583,0.03923244774341583,0.03923244774341583
2020-06-12 10:00:00,0.0325804455445428,0.03800355643033981,0.03800355643033981,0.03800355643033981
2020-06-12 11:00:00,0.0384951320132047,0.033696431666612625,0.033696431666612625,0.033696431666612625
2020-06-12 12:00:00,0.0362982284993121,0.033327385783195496,0.033327385783195496,0.033327385783195496
2020-06-12 13:00:00,0.0312743011065869,0.029458673670887947,0.029458673670887947,0.029458673670887947
2020-06-12 14:00:00,0.0297066443409013,0.030733622610569,0.030733622610569,0.030733622610569
2020-06-12 15:00:00,0.0262256212385965,0.02773837186396122,0.02773837186396122,0.02773837186396122
2020-06-12 16:00:00,0.0277556542418962,0.02820987068116665,0.02820987068116665,0.02820987068116665
2020-06-12 17:00:00,0.02383238691516,0.026990558952093124,0.026990558952093124,0.026990558952093124
2020-06-12 18:00:00,0.0192787565521247,0.02401181310415268,0.02401181310415268,0.02401181310415268
2020-06-12 19:00:00,0.0242349446709412,0.02186647616326809,0.02186647616326809,0.02186647616326809
2020-06-12 20:00:00,0.0196210832847965,0.015434053726494312,0.015434053726494312,0.015434053726494312
2020-06-12 21:00:00,0.0140798291598849,0.013797474093735218,0.013797474093735218,0.013797474093735218
2020-06-12 22:00:00,0.011781974373916,0.008535223081707954,0.008535223081707954,0.008535223081707954
2020-06-12 23:00:00,0.0066359347699388,0.007779641076922417,0.007779641076922417,0.007779641076922417
2020-06-13 00:00:00,0.0058035090273753,0.0025562848895788193,0.0025562848895788193,0.0025562848895788193
2020-06-13 01:00:00,0.0033018588623554,0.004569480195641518,0.004569480195641518,0.004569480195641518
2020-06-13 02:00:00,0.0045964133178043,0.0033640414476394653,0.0033640414476394653,0.0033640414476394653
2020-06-13 03:00:00,0.0093571393904097,0.005527514964342117,0.005527514964342117,0.005527514964342117
2020-06-13 04:00:00,0.0234101921956879,0.010212230496108532,0.010212230496108532,0.010212230496108532
2020-06-13 05:00:00,0.0311082743988638,0.018356649205088615,0.018356649205088615,0.018356649205088615
2020-06-13 06:00:00,0.0407881423856736,0.02730489894747734,0.02730489894747734,0.02730489894747734
2020-06-13 07:00:00,0.0391041489863296,0.036372147500514984,0.036372147500514984,0.036372147500514984
2020-06-13 08:00:00,0.0413467232437418,0.031288448721170425,0.031288448721170425,0.031288448721170425
2020-06-13 09:00:00,0.0384640499764285,0.03363560885190964,0.03363560885190964,0.03363560885190964
2020-06-13 10:00:00,0.0314933404054767,0.028014639392495155,0.028014639392495155,0.028014639392495155
2020-06-13 11:00:00,0.0289240334747754,0.029244301840662956,0.029244301840662956,0.029244301840662956
2020-06-13 12:00:00,0.0262416902404576,0.025004452094435692,0.025004452094435692,0.025004452094435692
2020-06-13 13:00:00,0.0242392149929237,0.02550962194800377,0.02550962194800377,0.02550962194800377
2020-06-13 14:00:00,0.0216645450259296,0.022188445553183556,0.022188445553183556,0.022188445553183556
2020-06-13 15:00:00,0.0220564592178431,0.02749771624803543,0.02749771624803543,0.02749771624803543
2020-06-13 16:00:00,0.0245828618576194,0.025532148778438568,0.025532148778438568,0.025532148778438568
2020-06-13 17:00:00,0.0230721357850051,0.022708820179104805,0.022708820179104805,0.022708820179104805
2020-06-13 18:00:00,0.024699611032527,0.022196264937520027,0.022196264937520027,0.022196264937520027
2020-06-13 19:00:00,0.0195745285242814,0.0151905482634902,0.0151905482634902,0.0151905482634902
2020-06-13 20:00:00,0.0196669377652115,0.015462360344827175,0.015462360344827175,0.015462360344827175
2020-06-13 21:00:00,0.0155307991513478,0.009297093376517296,0.009297093376517296,0.009297093376517296
2020-06-13 22:00:00,0.010693752946721,0.007501300424337387,0.007501300424337387,0.007501300424337387
2020-06-13 23:00:00,0.0081359971716355,0.004359180107712746,0.004359180107712746,0.004359180107712746
2020-06-14 00:00:00,0.0046637199434257,0.0033597946166992188,0.0033597946166992188,0.0033597946166992188
2020-06-14 01:00:00,0.003950848656293,0.0019112713634967804,0.0019112713634967804,0.0019112713634967804
2020-06-14 02:00:00,0.00382543611504,0.0029418226331472397,0.0029418226331472397,0.0029418226331472397
2020-06-14 03:00:00,0.0038295615275809,0.0039669182151556015,0.0039669182151556015,0.0039669182151556015
2020-06-14 04:00:00,0.0089756011315459,0.008626049384474754,0.008626049384474754,0.008626049384474754
2020-06-14 05:00:00,0.0172887199434176,0.017483025789260864,0.017483025789260864,0.017483025789260864
2020-06-14 06:00:00,0.0250834394153721,0.02449219487607479,0.02449219487607479,0.02449219487607479
2020-06-14 07:00:00,0.0324096770391333,0.027148421853780746,0.027148421853780746,0.027148421853780746
2020-06-14 08:00:00,0.0311984559170258,0.02838476002216339,0.02838476002216339,0.02838476002216339
2020-06-14 09:00:00,0.0306942244224318,0.030282048508524895,0.030282048508524895,0.030282048508524895
2020-06-14 10:00:00,0.0349347359735969,0.03374602273106575,0.03374602273106575,0.03374602273106575
2020-06-14 11:00:00,0.0293100787001864,0.029472719877958298,0.029472719877958298,0.029472719877958298
2020-06-14 12:00:00,0.0234002827205749,0.026849405840039253,0.026849405840039253,0.026849405840039253
2020-06-14 13:00:00,0.0292402167139786,0.02586308866739273,0.02586308866739273,0.02586308866739273
2020-06-14 14:00:00,0.0268983850308131,0.025215117260813713,0.025215117260813713,0.025215117260813713
2020-06-14 15:00:00,0.0310780054928553,0.028118694201111794,0.028118694201111794,0.028118694201111794
2020-06-14 16:00:00,0.0385605756248728,0.025372756645083427,0.025372756645083427,0.025372756645083427
2020-06-14 17:00:00,0.0332408561529247,0.027776896953582764,0.027776896953582764,0.027776896953582764
2020-06-14 18:00:00,0.0364087604433515,0.028411410748958588,0.028411410748958588,0.028411410748958588
2020-06-14 19:00:00,0.0331777373410398,0.019958697259426117,0.019958697259426117,0.019958697259426117
2020-06-14 20:00:00,0.0252353281001211,0.022511756047606468,0.022511756047606468,0.022511756047606468
2020-06-14 21:00:00,0.0240125558228878,0.014333314262330532,0.014333314262330532,0.014333314262330532
2020-06-14 22:00:00,0.0188405261199176,0.010163739323616028,0.010163739323616028,0.010163739323616028
2020-06-14 23:00:00,0.0103301154359929,0.005129599943757057,0.005129599943757057,0.005129599943757057
2020-06-15 00:00:00,0.0081703667688171,0.006020819768309593,0.006020819768309593,0.006020819768309593
2020-06-15 01:00:00,0.0074698717193157,0.0033251047134399414,0.0033251047134399414,0.0033251047134399414
2020-06-15 02:00:00,0.0059401687490177,0.0034340638667345047,0.0034340638667345047,0.0034340638667345047
2020-06-15 03:00:00,0.0117949542275621,0.009968297556042671,0.009968297556042671,0.009968297556042671
2020-06-15 04:00:00,0.0347381885509932,0.026905620470643044,0.026905620470643044,0.026905620470643044
2020-06-15 05:00:00,0.0330545251846643,0.037976790219545364,0.037976790219545364,0.037976790219545364
2020-06-15 06:00:00,0.0534487967546769,0.04248126223683357,0.04248126223683357,0.04248126223683357
2020-06-15 07:00:00,0.0458349353685423,0.04092003405094147,0.04092003405094147,0.04092003405094147
2020-06-15 08:00:00,0.0349722772277153,0.04447877034544945,0.04447877034544945,0.04447877034544945
2020-06-15 09:00:00,0.0420259075907557,0.04366070777177811,0.04366070777177811,0.04366070777177811
2020-06-15 10:00:00,0.0428118811881283,0.041765086352825165,0.041765086352825165,0.041765086352825165
2020-06-15 11:00:00,0.0393176567656701,0.039736732840538025,0.039736732840538025,0.039736732840538025
2020-06-15 12:00:00,0.0407244224422452,0.03429938852787018,0.03429938852787018,0.03429938852787018
2020-06-15 13:00:00,0.0392985619990636,0.03870623558759689,0.03870623558759689,0.03870623558759689
2020-06-15 14:00:00,0.035236598302681,0.03030073270201683,0.03030073270201683,0.03030073270201683
2020-06-15 15:00:00,0.0406928689297542,0.03408309072256088,0.03408309072256088,0.03408309072256088
2020-06-15 16:00:00,0.0405748821310684,0.03982248902320862,0.03982248902320862,0.03982248902320862
2020-06-15 17:00:00,0.0335732319660552,0.036124087870121,0.036124087870121,0.036124087870121
2020-06-15 18:00:00,0.0334754596888255,0.03052659146487713,0.03052659146487713,0.03052659146487713
2020-06-15 19:00:00,0.0318939415370161,0.0249802116304636,0.0249802116304636,0.0249802116304636
2020-06-15 20:00:00,0.0295577204148909,0.022435666993260384,0.022435666993260384,0.022435666993260384
2020-06-15 21:00:00,0.0208407237157254,0.02152436412870884,0.02152436412870884,0.02152436412870884
2020-06-15 22:00:00,0.0154230944523002,0.008187485858798027,0.008187485858798027,0.008187485858798027
2020-06-15 23:00:00,0.0137038287757307,0.004919780418276787,0.004919780418276787,0.004919780418276787
2020-06-16 00:00:00,0.004067195112371,0.006197070702910423,0.006197070702910423,0.006197070702910423
2020-06-16 01:00:00,0.0033972281156723,0.007132736966013908,0.007132736966013908,0.007132736966013908
2020-06-16 02:00:00,0.0050366670595594,0.009401880204677582,0.009401880204677582,0.009401880204677582
2020-06-16 03:00:00,0.0091777915291571,0.019783515483140945,0.019783515483140945,0.019783515483140945
2020-06-16 04:00:00,0.0352718509350922,0.038078099489212036,0.038078099489212036,0.038078099489212036
2020-06-16 05:00:00,0.0498832370737033,0.05025283992290497,0.05025283992290497,0.05025283992290497
2020-06-16 06:00:00,0.0365936331133193,0.05162752419710159,0.05162752419710159,0.05162752419710159
2020-06-16 07:00:00,0.0588526402640246,0.05131015181541443,0.05131015181541443,0.05131015181541443
2020-06-16 08:00:00,0.0615594059405891,0.047807179391384125,0.047807179391384125,0.047807179391384125
2020-06-16 09:00:00,0.0478490099009909,0.050061292946338654,0.050061292946338654,0.050061292946338654
2020-06-16 10:00:00,0.0384158415841619,0.03940439224243164,0.03940439224243164,0.03940439224243164
2020-06-16 11:00:00,0.0383506600660099,0.03801508992910385,0.03801508992910385,0.03801508992910385
2020-06-16 12:00:00,0.0294752475247508,0.04208467900753021,0.04208467900753021,0.04208467900753021
2020-06-16 13:00:00,0.0410404290429004,0.039084289222955704,0.039084289222955704,0.039084289222955704
2020-06-16 14:00:00,0.0270837458745838,0.03168352693319321,0.03168352693319321,0.03168352693319321
2020-06-16 15:00:00,0.0271904172560139,0.03159201517701149,0.03159201517701149,0.03159201517701149
2020-06-16 16:00:00,0.0342976779820844,0.034114327281713486,0.034114327281713486,0.034114327281713486
2020-06-16 17:00:00,0.0296763908533689,0.028606371954083443,0.028606371954083443,0.028606371954083443
2020-06-16 18:00:00,0.0294389438948898,0.029971852898597717,0.029971852898597717,0.029971852898597717
2020-06-16 19:00:00,0.027396864686463,0.022267969325184822,0.022267969325184822,0.022267969325184822
2020-06-16 20:00:00,0.0233407590759075,0.02020774781703949,0.02020774781703949,0.02020774781703949
2020-06-16 21:00:00,0.0166823432343229,0.02003796026110649,0.02003796026110649,0.02003796026110649
2020-06-16 22:00:00,0.0105203913248508,0.01416563056409359,0.01416563056409359,0.01416563056409359
2020-06-16 23:00:00,0.0101488291686318,0.0076246559619903564,0.0076246559619903564,0.0076246559619903564
2020-06-17 00:00:00,0.0069520469904057,0.008019791916012764,0.008019791916012764,0.008019791916012764
2020-06-17 01:00:00,0.0045129262926331,0.0052933767437934875,0.0052933767437934875,0.0052933767437934875
2020-06-17 02:00:00,0.0052455995599515,0.0078036244958639145,0.0078036244958639145,0.0078036244958639145
2020-06-17 03:00:00,0.0063965896589707,0.008830228820443153,0.008830228820443153,0.008830228820443153
2020-06-17 04:00:00,0.0296437018701842,0.034423016011714935,0.034423016011714935,0.034423016011714935
2020-06-17 05:00:00,0.0276812431243128,0.04504447430372238,0.04504447430372238,0.04504447430372238
2020-06-17 06:00:00,0.0426115236523711,0.03529415652155876,0.03529415652155876,0.03529415652155876
2020-06-17 07:00:00,0.0417330465189254,0.04316113144159317,0.04316113144159317,0.04316113144159317
2020-06-17 08:00:00,0.0366297736916609,0.04537837207317352,0.04537837207317352,0.04537837207317352
2020-06-17 09:00:00,0.0435324139556834,0.036025311797857285,0.036025311797857285,0.036025311797857285
2020-06-17 10:00:00,0.0396248231965987,0.04448385536670685,0.04448385536670685,0.04448385536670685
2020-06-17 11:00:00,0.03227581329562,0.03297746181488037,0.03297746181488037,0.03297746181488037
2020-06-17 12:00:00,0.0390996581801172,0.036267273128032684,0.036267273128032684,0.036267273128032684
2020-06-17 13:00:00,0.0307357967939603,0.03328806906938553,0.03328806906938553,0.03328806906938553
2020-06-17 14:00:00,0.032135313531348,0.03397681191563606,0.03397681191563606,0.03397681191563606
2020-06-17 15:00:00,0.0322112211221088,0.03522741422057152,0.03522741422057152,0.03522741422057152
2020-06-17 16:00:00,0.0359381188118875,0.032750118523836136,0.032750118523836136,0.032750118523836136
2020-06-17 17:00:00,0.0232706270627026,0.02553241327404976,0.02553241327404976,0.02553241327404976
2020-06-17 18:00:00,0.0284334040546945,0.02908414788544178,0.02908414788544178,0.02908414788544178
2020-06-17 19:00:00,0.0227947901933023,0.02374618873000145,0.02374618873000145,0.02374618873000145
2020-06-17 20:00:00,0.0251421499292781,0.022353366017341614,0.022353366017341614,0.022353366017341614
2020-06-17 21:00:00,0.0157972654413288,0.023481696844100952,0.023481696844100952,0.023481696844100952
2020-06-17 22:00:00,0.0112172324375331,0.015716703608632088,0.015716703608632088,0.015716703608632088
2020-06-17 23:00:00,0.0072972654408243,0.007364993914961815,0.007364993914961815,0.007364993914961815
2020-06-18 00:00:00,0.0050216878835673,0.007783493027091026,0.007783493027091026,0.007783493027091026
2020-06-18 01:00:00,0.0043052805280567,0.006542108952999115,0.006542108952999115,0.006542108952999115
2020-06-18 02:00:00,0.0053993399339985,0.007592758163809776,0.007592758163809776,0.007592758163809776
2020-06-18 03:00:00,0.0097211221122055,0.014829898253083229,0.014829898253083229,0.014829898253083229
2020-06-18 04:00:00,0.018730198019797,0.0307715255767107,0.0307715255767107,0.0307715255767107
2020-06-18 05:00:00,0.0287970297029741,0.03524918109178543,0.03524918109178543,0.03524918109178543
2020-06-18 06:00:00,0.0368193069311924,0.04496702551841736,0.04496702551841736,0.04496702551841736
2020-06-18 07:00:00,0.0368679867986743,0.03937136381864548,0.03937136381864548,0.03937136381864548
2020-06-18 08:00:00,0.0451056105610531,0.04259232431650162,0.04259232431650162,0.04259232431650162
2020-06-18 09:00:00,0.043716878830738,0.04701797291636467,0.04701797291636467,0.04701797291636467
2020-06-18 10:00:00,0.0393653936822278,0.04240702465176582,0.04240702465176582,0.04240702465176582
2020-06-18 11:00:00,0.0448227840641281,0.03721092268824577,0.03721092268824577,0.03721092268824577
2020-06-18 12:00:00,0.04364951673738,0.03581608831882477,0.03581608831882477,0.03581608831882477
2020-06-18 13:00:00,0.0397151107967942,0.037260256707668304,0.037260256707668304,0.037260256707668304
2020-06-18 14:00:00,0.0351907708627993,0.034504760056734085,0.034504760056734085,0.034504760056734085
2020-06-18 15:00:00,0.0346207513608567,0.03446023911237717,0.03446023911237717,0.03446023911237717
2020-06-18 16:00:00,0.0331534599888535,0.03292296081781387,0.03292296081781387,0.03292296081781387
2020-06-18 17:00:00,0.028114793622221,0.029054244980216026,0.029054244980216026,0.029054244980216026
2020-06-18 18:00:00,0.0242943669366898,0.0308326818048954,0.0308326818048954,0.0308326818048954
2020-06-18 19:00:00,0.0272225847584789,0.025061195716261864,0.025061195716261864,0.025061195716261864
2020-06-18 20:00:00,0.0238079807980723,0.020930983126163483,0.020930983126163483,0.020930983126163483
2020-06-18 21:00:00,0.0153581458145885,0.017321491613984108,0.017321491613984108,0.017321491613984108
2020-06-18 22:00:00,0.0101031953195311,0.012437425553798676,0.012437425553798676,0.012437425553798676
2020-06-18 23:00:00,0.0067170567056703,0.007859291508793831,0.007859291508793831,0.007859291508793831
2020-06-19 00:00:00,0.0038309180918163,0.0071219708770513535,0.0071219708770513535,0.0071219708770513535
2020-06-19 01:00:00,0.0040252250224947,0.003556441515684128,0.003556441515684128,0.003556441515684128
2020-06-19 02:00:00,0.0045311656165623,0.004972308874130249,0.004972308874130249,0.004972308874130249
2020-06-19 03:00:00,0.0173323207320679,0.021034110337495804,0.021034110337495804,0.021034110337495804
2020-06-19 04:00:00,0.0265501425142633,0.039289239794015884,0.039289239794015884,0.039289239794015884
2020-06-19 05:00:00,0.0389795979597932,0.039323464035987854,0.039323464035987854,0.039323464035987854
2020-06-19 06:00:00,0.0455303405340516,0.04742757976055145,0.04742757976055145,0.04742757976055145
2020-06-19 07:00:00,0.0436980385538561,0.050068989396095276,0.050068989396095276,0.050068989396095276
2020-06-19 08:00:00,0.0490817019201816,0.052190668880939484,0.052190668880939484,0.052190668880939484
2020-06-19 09:00:00,0.0324979560461097,0.04851018637418747,0.04851018637418747,0.04851018637418747
2020-06-19 10:00:00,0.0443964708970856,0.046408191323280334,0.046408191323280334,0.046408191323280334
2020-06-19 11:00:00,0.0355396227122681,0.04185451939702034,0.04185451939702034,0.04185451939702034
2020-06-19 12:00:00,0.0422194906990764,0.04115763679146767,0.04115763679146767,0.04115763679146767
2020-06-19 13:00:00,0.0320957283228211,0.033631470054388046,0.033631470054388046,0.033631470054388046
2020-06-19 14:00:00,0.0281800742579202,0.0338030606508255,0.0338030606508255,0.0338030606508255
2020-06-19 15:00:00,0.0325837458745928,0.027664940804243088,0.027664940804243088,0.027664940804243088
2020-06-19 16:00:00,0.0263956270627103,0.03581564873456955,0.03581564873456955,0.03581564873456955
2020-06-19 17:00:00,0.0294311056105509,0.028216561302542686,0.028216561302542686,0.028216561302542686
2020-06-19 18:00:00,0.0242755775582561,0.025609590113162994,0.025609590113162994,0.025609590113162994
2020-06-19 19:00:00,0.0242050330033026,0.0259482953697443,0.0259482953697443,0.0259482953697443
2020-06-19 20:00:00,0.0197722772277248,0.02122083306312561,0.02122083306312561,0.02122083306312561
2020-06-19 21:00:00,0.0197169966996723,0.019495196640491486,0.019495196640491486,0.019495196640491486
2020-06-19 22:00:00,0.0124620462046096,0.015343386679887772,0.015343386679887772,0.015343386679887772
2020-06-19 23:00:00,0.0075462046204641,0.011108439415693283,0.011108439415693283,0.011108439415693283
2020-06-20 00:00:00,0.0091658415846589,0.005115887150168419,0.005115887150168419,0.005115887150168419
2020-06-20 01:00:00,0.0055569306930689,0.004669111222028732,0.004669111222028732,0.004669111222028732
2020-06-20 02:00:00,0.0055990099009906,0.0047990549355745316,0.0047990549355745316,0.0047990549355745316
2020-06-20 03:00:00,0.0057988702721379,0.005459679290652275,0.005459679290652275,0.005459679290652275
2020-06-20 04:00:00,0.0088434247270896,0.008995570242404938,0.008995570242404938,0.008995570242404938
2020-06-20 05:00:00,0.0165859989845168,0.013688992708921432,0.013688992708921432,0.013688992708921432
2020-06-20 06:00:00,0.0263962300076166,0.025515280663967133,0.025515280663967133,0.025515280663967133
2020-06-20 07:00:00,0.0327196623508402,0.028881650418043137,0.028881650418043137,0.028881650418043137
2020-06-20 08:00:00,0.0284028306676914,0.03039231337606907,0.03039231337606907,0.03039231337606907
2020-06-20 09:00:00,0.0300063785224656,0.036123812198638916,0.036123812198638916,0.036123812198638916
2020-06-20 10:00:00,0.0317260567402842,0.030407173559069633,0.030407173559069633,0.030407173559069633
2020-06-20 11:00:00,0.0240379379284135,0.029344569891691208,0.029344569891691208,0.029344569891691208
2020-06-20 12:00:00,0.0241732514602572,0.026522208005189896,0.026522208005189896,0.026522208005189896
2020-06-20 13:00:00,0.0200523768723017,0.03125092387199402,0.03125092387199402,0.03125092387199402
2020-06-20 14:00:00,0.0215713537699907,0.026468900963664055,0.026468900963664055,0.026468900963664055
2020-06-20 15:00:00,0.0227421458492051,0.026645326986908913,0.026645326986908913,0.026645326986908913
2020-06-20 16:00:00,0.027482879537946,0.029493188485503197,0.029493188485503197,0.029493188485503197
2020-06-20 17:00:00,0.0238383250825063,0.02852369099855423,0.02852369099855423,0.02852369099855423
2020-06-20 18:00:00,0.0237816006600669,0.02907637692987919,0.02907637692987919,0.02907637692987919
2020-06-20 19:00:00,0.0206677392739275,0.021501649171113968,0.021501649171113968,0.021501649171113968
2020-06-20 20:00:00,0.0175901815181553,0.021004434674978256,0.021004434674978256,0.021004434674978256
2020-06-20 21:00:00,0.0192997524757376,0.015293657779693604,0.015293657779693604,0.015293657779693604
2020-06-20 22:00:00,0.0135206270627073,0.012060495093464851,0.012060495093464851,0.012060495093464851
2020-06-20 23:00:00,0.006839108911386,0.007206490263342857,0.007206490263342857,0.007206490263342857
2020-06-21 00:00:00,0.0041179867986803,0.006360521540045738,0.006360521540045738,0.006360521540045738
2020-06-21 01:00:00,0.0038927392739353,0.00827820971608162,0.00827820971608162,0.00827820971608162
2020-06-21 02:00:00,0.0042442244224404,0.007568107917904854,0.007568107917904854,0.007568107917904854
2020-06-21 03:00:00,0.0044781353135336,0.006708098575472832,0.006708098575472832,0.006708098575472832
2020-06-21 04:00:00,0.0083122937298672,0.009432941675186157,0.009432941675186157,0.009432941675186157
2020-06-21 05:00:00,0.0135710696069602,0.015172585844993591,0.015172585844993591,0.015172585844993591
2020-06-21 06:00:00,0.0227303105310485,0.027392780408263206,0.027392780408263206,0.027392780408263206
2020-06-21 07:00:00,0.025782909540953,0.026161985471844673,0.026161985471844673,0.026161985471844673
2020-06-21 08:00:00,0.0307150877587783,0.027652863413095474,0.027652863413095474,0.027652863413095474
2020-06-21 09:00:00,0.0328786308988033,0.03346027061343193,0.03346027061343193,0.03346027061343193
2020-06-21 10:00:00,0.0307165021859373,0.02874324843287468,0.02874324843287468,0.02874324843287468
2020-06-21 11:00:00,0.032617492284939,0.02793758362531662,0.02793758362531662,0.02793758362531662
2020-06-21 12:00:00,0.0269491754532614,0.026246605440974236,0.026246605440974236,0.026246605440974236
2020-06-21 13:00:00,0.026837541789888,0.027510065585374832,0.027510065585374832,0.027510065585374832
2020-06-21 14:00:00,0.0235255878003796,0.0263515654951334,0.0263515654951334,0.0263515654951334
2020-06-21 15:00:00,0.0256610077239485,0.023456402122974396,0.023456402122974396,0.023456402122974396
2020-06-21 16:00:00,0.0282756995502671,0.02934449166059494,0.02934449166059494,0.02934449166059494
2020-06-21 17:00:00,0.0259027622570414,0.033217184245586395,0.033217184245586395,0.033217184245586395
2020-06-21 18:00:00,0.0281370856888932,0.03301456198096275,0.03301456198096275,0.03301456198096275
2020-06-21 19:00:00,0.0189365906393808,0.025061454623937607,0.025061454623937607,0.025061454623937607
2020-06-21 20:00:00,0.0196983068110012,0.024294989183545113,0.024294989183545113,0.024294989183545113
2020-06-21 21:00:00,0.0143723992207364,0.017026390880346298,0.017026390880346298,0.017026390880346298
2020-06-21 22:00:00,0.0102247094512616,0.014841930009424686,0.014841930009424686,0.014841930009424686
2020-06-21 23:00:00,0.0069384058209004,0.009273337200284004,0.009273337200284004,0.009273337200284004
2020-06-22 00:00:00,0.0047804025205651,0.009602459147572517,0.009602459147572517,0.009602459147572517
2020-06-22 01:00:00,0.0040860955898766,0.008468706160783768,0.008468706160783768,0.008468706160783768
2020-06-22 02:00:00,0.0045277504701488,0.008194522932171822,0.008194522932171822,0.008194522932171822
2020-06-22 03:00:00,0.0080490525998679,0.01324516162276268,0.01324516162276268,0.01324516162276268
2020-06-22 04:00:00,0.0201398116757695,0.026660963892936707,0.026660963892936707,0.026660963892936707
2020-06-22 05:00:00,0.0293360988044882,0.04346369951963425,0.04346369951963425,0.04346369951963425
2020-06-22 06:00:00,0.0317050285546025,0.0399603433907032,0.0399603433907032,0.0399603433907032
2020-06-22 07:00:00,0.0350809264395007,0.03625336289405823,0.03625336289405823,0.03625336289405823
2020-06-22 08:00:00,0.0448073290787687,0.04627833515405655,0.04627833515405655,0.04627833515405655
2020-06-22 09:00:00,0.0348722748590664,0.03379322588443756,0.03379322588443756,0.03379322588443756
2020-06-22 10:00:00,0.0372155265531437,0.04003581404685974,0.04003581404685974,0.04003581404685974
2020-06-22 11:00:00,0.0397419291934205,0.038582943379879,0.038582943379879,0.038582943379879
2020-06-22 12:00:00,0.0313729110411081,0.0371825248003006,0.0371825248003006,0.0371825248003006
2020-06-22 13:00:00,0.0297471684668389,0.03713313862681389,0.03713313862681389,0.03713313862681389
2020-06-22 14:00:00,0.0321065594059468,0.030397778376936913,0.030397778376936913,0.030397778376936913
2020-06-22 15:00:00,0.0308225935093521,0.028553556650877,0.028553556650877,0.028553556650877
2020-06-22 16:00:00,0.0361542766776646,0.027729477733373642,0.027729477733373642,0.027729477733373642
2020-06-22 17:00:00,0.025193880638061,0.03327794373035431,0.03327794373035431,0.03327794373035431
2020-06-22 18:00:00,0.0256612898789903,0.02391638420522213,0.02391638420522213,0.02391638420522213
2020-06-22 19:00:00,0.0239328245324551,0.027163423597812653,0.027163423597812653,0.027163423597812653
2020-06-22 20:00:00,0.0206485423542313,0.01784011721611023,0.01784011721611023,0.01784011721611023
2020-06-22 21:00:00,0.0173127337733803,0.014037271030247211,0.014037271030247211,0.014037271030247211
2020-06-22 22:00:00,0.0102817931793162,0.011048620566725731,0.011048620566725731,0.011048620566725731
2020-06-22 23:00:00,0.0052570407040757,0.0068050529807806015,0.0068050529807806015,0.0068050529807806015
2020-06-23 00:00:00,0.0046490099009911,0.003464994952082634,0.003464994952082634,0.003464994952082634
2020-06-23 01:00:00,0.0041690594059291,0.0013912506401538849,0.0013912506401538849,0.0013912506401538849
2020-06-23 02:00:00,0.0048943069306969,0.003008611500263214,0.003008611500263214,0.003008611500263214
2020-06-23 03:00:00,0.0074052687411669,0.004630686715245247,0.004630686715245247,0.004630686715245247
2020-06-23 04:00:00,0.0237270509193721,0.016869571059942245,0.016869571059942245,0.016869571059942245
2020-06-23 05:00:00,0.0315380245167407,0.037142615765333176,0.037142615765333176,0.037142615765333176
2020-06-23 06:00:00,0.0311452852428046,0.03691992908716202,0.03691992908716202,0.03691992908716202
2020-06-23 07:00:00,0.0346316713814269,0.042844854295253754,0.042844854295253754,0.042844854295253754
2020-06-23 08:00:00,0.0451541136256419,0.04231245070695877,0.04231245070695877,0.04231245070695877
2020-06-23 09:00:00,0.03332614332863,0.04425095021724701,0.04425095021724701,0.04425095021724701
2020-06-23 10:00:00,0.0381949552097993,0.03958597779273987,0.03958597779273987,0.03958597779273987
2020-06-23 11:00:00,0.0446292786421513,0.03915470093488693,0.03915470093488693,0.03915470093488693
2020-06-23 12:00:00,0.0385710278170652,0.027095630764961243,0.027095630764961243,0.027095630764961243
2020-06-23 13:00:00,0.0317977604903374,0.0332968533039093,0.0332968533039093,0.0332968533039093
2020-06-23 14:00:00,0.0396884370579848,0.025322895497083664,0.025322895497083664,0.025322895497083664
2020-06-23 15:00:00,0.0307183050447981,0.03159424290060997,0.03159424290060997,0.03159424290060997
2020-06-23 16:00:00,0.0299423003854988,0.029950376600027084,0.029950376600027084,0.029950376600027084
2020-06-23 17:00:00,0.0347575840567263,0.02984027750790119,0.02984027750790119,0.02984027750790119
2020-06-23 18:00:00,0.0263314289416995,0.024122091010212898,0.024122091010212898,0.024122091010212898
2020-06-23 19:00:00,0.0233570064989733,0.02260369434952736,0.02260369434952736,0.02260369434952736
2020-06-23 20:00:00,0.021594630261352,0.02033318020403385,0.02033318020403385,0.02033318020403385
2020-06-23 21:00:00,0.0160946302618333,0.015911631286144257,0.015911631286144257,0.015911631286144257
2020-06-23 22:00:00,0.010558326630988,0.009772403165698051,0.009772403165698051,0.009772403165698051
2020-06-23 23:00:00,0.0074791187101941,0.005525775253772736,0.005525775253772736,0.005525775253772736
2020-06-24 00:00:00,0.0053454553443472,0.005443723872303963,0.005443723872303963,0.005443723872303963
2020-06-24 01:00:00,0.0038880846072697,0.00564180314540863,0.00564180314540863,0.00564180314540863
2020-06-24 02:00:00,0.0053924850468259,0.004782283678650856,0.004782283678650856,0.004782283678650856
2020-06-24 03:00:00,0.0230509008889003,0.0073449816554784775,0.0073449816554784775,0.0073449816554784775
2020-06-24 04:00:00,0.036588029601279,0.019777469336986542,0.019777469336986542,0.019777469336986542
2020-06-24 05:00:00,0.0469424850468142,0.03773167356848717,0.03773167356848717,0.03773167356848717
2020-06-24 06:00:00,0.0506520560044226,0.039728082716464996,0.039728082716464996,0.039728082716464996
2020-06-24 07:00:00,0.0548063464329642,0.038013555109500885,0.038013555109500885,0.038013555109500885
2020-06-24 08:00:00,0.0417469404923704,0.04759102314710617,0.04759102314710617,0.04759102314710617
2020-06-24 09:00:00,0.0480671695740992,0.04741651564836502,0.04741651564836502,0.04741651564836502
2020-06-24 10:00:00,0.0343289957567167,0.04905232787132263,0.04905232787132263,0.04905232787132263
2020-06-24 11:00:00,0.0462621640740461,0.03885709494352341,0.03885709494352341,0.03885709494352341
2020-06-24 12:00:00,0.028172230080151,0.03302392736077309,0.03302392736077309,0.03302392736077309
2020-06-24 13:00:00,0.0368826261197566,0.03271801769733429,0.03271801769733429,0.03271801769733429
2020-06-24 14:00:00,0.027469141914196,0.033093519508838654,0.033093519508838654,0.033093519508838654
2020-06-24 15:00:00,0.0305491749174924,0.028811540454626083,0.028811540454626083,0.028811540454626083
2020-06-24 16:00:00,0.026806600660553,0.03265818580985069,0.03265818580985069,0.03265818580985069
2020-06-24 17:00:00,0.0308498349834998,0.02909621223807335,0.02909621223807335,0.02909621223807335
2020-06-24 18:00:00,0.0230635313531387,0.026084542274475098,0.026084542274475098,0.026084542274475098
2020-06-24 19:00:00,0.0218736445072988,0.024274498224258423,0.024274498224258423,0.024274498224258423
2020-06-24 20:00:00,0.0202102781706767,0.023248454555869102,0.023248454555869102,0.023248454555869102
2020-06-24 21:00:00,0.0130106082041766,0.017806995660066605,0.017806995660066605,0.017806995660066605
2020-06-24 22:00:00,0.0124599481376653,0.011570574715733528,0.011570574715733528,0.011570574715733528
2020-06-24 23:00:00,0.0070292550683664,0.007553586736321449,0.007553586736321449,0.007553586736321449
2020-06-25 00:00:00,0.0043238095243068,0.005059434100985527,0.005059434100985527,0.005059434100985527
2020-06-25 01:00:00,0.0042903111739768,0.005226675420999527,0.005226675420999527,0.005226675420999527
2020-06-25 02:00:00,0.0049591230551561,0.008079444989562035,0.008079444989562035,0.008079444989562035
2020-06-25 03:00:00,0.007877439886851,0.008911628276109695,0.008911628276109695,0.008911628276109695
2020-06-25 04:00:00,0.0310322017916112,0.024986686185002327,0.024986686185002327,0.024986686185002327
2020-06-25 05:00:00,0.0325817067420998,0.039215922355651855,0.039215922355651855,0.039215922355651855
2020-06-25 06:00:00,0.0392937529467145,0.038642555475234985,0.038642555475234985,0.038642555475234985
2020-06-25 07:00:00,0.0437272512965652,0.04379205405712128,0.04379205405712128,0.04379205405712128
2020-06-25 08:00:00,0.0346307166435957,0.04463033378124237,0.04463033378124237,0.04463033378124237
2020-06-25 09:00:00,0.0430740452616589,0.03686869516968727,0.03686869516968727,0.03686869516968727
2020-06-25 10:00:00,0.0403100188590322,0.03617975115776062,0.03617975115776062,0.03617975115776062
2020-06-25 11:00:00,0.0378217350306569,0.04216822236776352,0.04216822236776352,0.04216822236776352
2020-06-25 12:00:00,0.0367033356907034,0.034252963960170746,0.034252963960170746,0.034252963960170746
2020-06-25 13:00:00,0.0282214875058947,0.036654647439718246,0.036654647439718246,0.036654647439718246
2020-06-25 14:00:00,0.0348023455916917,0.027900144457817078,0.027900144457817078,0.027900144457817078
2020-06-25 15:00:00,0.0314228076379062,0.032525885850191116,0.032525885850191116,0.032525885850191116
2020-06-25 16:00:00,0.030828276756742,0.03503384441137314,0.03503384441137314,0.03503384441137314
2020-06-25 17:00:00,0.0319337223008079,0.03162975236773491,0.03162975236773491,0.03162975236773491
2020-06-25 18:00:00,0.0308589933993431,0.025809742510318756,0.025809742510318756,0.025809742510318756
2020-06-25 19:00:00,0.0300749449944916,0.025504151359200478,0.025504151359200478,0.025504151359200478
2020-06-25 20:00:00,0.0243901854471197,0.019615450873970985,0.019615450873970985,0.019615450873970985
2020-06-25 21:00:00,0.0190018191104805,0.01838671788573265,0.01838671788573265,0.01838671788573265
2020-06-25 22:00:00,0.0080036342920034,0.011512557044625282,0.011512557044625282,0.011512557044625282
2020-06-25 23:00:00,0.0074252514537169,0.008083822205662727,0.008083822205662727,0.008083822205662727
2020-06-26 00:00:00,0.0056323471632896,0.005755145102739334,0.005755145102739334,0.005755145102739334
2020-06-26 01:00:00,0.0045263240609736,0.004713002592325211,0.004713002592325211,0.004713002592325211
2020-06-26 02:00:00,0.0041715385824328,0.0076118651777505875,0.0076118651777505875,0.0076118651777505875
2020-06-26 03:00:00,0.0080910341034064,0.010758082382380962,0.010758082382380962,0.010758082382380962
2020-06-26 04:00:00,0.0312707770777128,0.01785164326429367,0.01785164326429367,0.01785164326429367
2020-06-26 05:00:00,0.0347196219621951,0.03812672942876816,0.03812672942876816,0.03812672942876816
2020-06-26 06:00:00,0.0417988298829838,0.045880239456892014,0.045880239456892014,0.045880239456892014
2020-06-26 07:00:00,0.0435265526552626,0.04124249890446663,0.04124249890446663,0.04124249890446663
2020-06-26 08:00:00,0.0451655790579141,0.04242320358753204,0.04242320358753204,0.04242320358753204
2020-06-26 09:00:00,0.0407513876387582,0.04721274971961975,0.04721274971961975,0.04721274971961975
2020-06-26 10:00:00,0.0399311731173109,0.040774956345558167,0.040774956345558167,0.040774956345558167
2020-06-26 11:00:00,0.0387727572757396,0.03930806368589401,0.03930806368589401,0.03930806368589401
2020-06-26 12:00:00,0.0408594459445778,0.028607822954654694,0.028607822954654694,0.028607822954654694
2020-06-26 13:00:00,0.0284238023802458,0.028092345222830772,0.028092345222830772,0.028092345222830772
2020-06-26 14:00:00,0.0322876637663738,0.030934028327465057,0.030934028327465057,0.030934028327465057
2020-06-26 15:00:00,0.0307338683868438,0.026032745838165283,0.026032745838165283,0.026032745838165283
2020-06-26 16:00:00,0.0302447594759419,0.032623641192913055,0.032623641192913055,0.032623641192913055
2020-06-26 17:00:00,0.0283051555160482,0.024248192086815834,0.024248192086815834,0.024248192086815834
2020-06-26 18:00:00,0.0290847406174173,0.02569655328989029,0.02569655328989029,0.02569655328989029
2020-06-26 19:00:00,0.025440351177963,0.020302789285779,0.020302789285779,0.020302789285779
2020-06-26 20:00:00,0.0266055326961319,0.02213052473962307,0.02213052473962307,0.02213052473962307
2020-06-26 21:00:00,0.0171560258820398,0.017506474629044533,0.017506474629044533,0.017506474629044533
2020-06-26 22:00:00,0.0117251677952184,0.013882811181247234,0.013882811181247234,0.013882811181247234
2020-06-26 23:00:00,0.0073778080592667,0.00838831253349781,0.00838831253349781,0.00838831253349781
2020-06-27 00:00:00,0.0063547057495151,0.005634365603327751,0.005634365603327751,0.005634365603327751
2020-06-27 01:00:00,0.0051799061267018,0.004910266026854515,0.004910266026854515,0.004910266026854515
2020-06-27 02:00:00,0.0043059937354584,0.005005160346627235,0.005005160346627235,0.005005160346627235
2020-06-27 03:00:00,0.0037540135374424,0.00709199532866478,0.00709199532866478,0.00709199532866478
2020-06-27 04:00:00,0.0090147396095501,0.009826522320508957,0.009826522320508957,0.009826522320508957
2020-06-27 05:00:00,0.020257313867969,0.01793862134218216,0.01793862134218216,0.01793862134218216
2020-06-27 06:00:00,0.0239124293785367,0.026114528998732567,0.026114528998732567,0.026114528998732567
2020-06-27 07:00:00,0.0308637495110362,0.03064417652785778,0.03064417652785778,0.03064417652785778
2020-06-27 08:00:00,0.0339437825138499,0.03443453088402748,0.03443453088402748,0.03443453088402748
2020-06-27 09:00:00,0.030756488784474,0.03631029278039932,0.03631029278039932,0.03631029278039932
2020-06-27 10:00:00,0.0354397396095509,0.030187483876943588,0.030187483876943588,0.030187483876943588
2020-06-27 11:00:00,0.0306538485209329,0.029522983357310295,0.029522983357310295,0.029522983357310295
2020-06-27 12:00:00,0.0300812412597262,0.02747252583503723,0.02747252583503723,0.02747252583503723
2020-06-27 13:00:00,0.0215474128773703,0.027593934908509254,0.027593934908509254,0.027593934908509254
2020-06-27 14:00:00,0.0283311287484761,0.02505488321185112,0.02505488321185112,0.02505488321185112
2020-06-27 15:00:00,0.0264358317187661,0.02390390634536743,0.02390390634536743,0.02390390634536743
2020-06-27 16:00:00,0.0200571188474719,0.026301221922039986,0.026301221922039986,0.026301221922039986
2020-06-27 17:00:00,0.0310496931049042,0.025131629779934883,0.025131629779934883,0.025131629779934883
2020-06-27 18:00:00,0.0247406997055617,0.022430121898651123,0.022430121898651123,0.022430121898651123
2020-06-27 19:00:00,0.0204164422803239,0.019484244287014008,0.019484244287014008,0.019484244287014008
2020-06-27 20:00:00,0.0220726186117411,0.023365259170532227,0.023365259170532227,0.023365259170532227
2020-06-27 21:00:00,0.0146757539257601,0.015666399151086807,0.015666399151086807,0.015666399151086807
2020-06-27 22:00:00,0.0111881301628957,0.01132469717413187,0.01132469717413187,0.01132469717413187
2020-06-27 23:00:00,0.0076452258724727,0.009769892320036888,0.009769892320036888,0.009769892320036888
2020-06-28 00:00:00,0.0046006714175053,0.00648798793554306,0.00648798793554306,0.00648798793554306
2020-06-28 01:00:00,0.0041051568655692,0.006482372060418129,0.006482372060418129,0.006482372060418129
2020-06-28 02:00:00,0.004789562806166,0.006617138162255287,0.006617138162255287,0.006617138162255287
2020-06-28 03:00:00,0.00396778062794,0.008229080587625504,0.008229080587625504,0.008229080587625504
2020-06-28 04:00:00,0.0073728961394963,0.010955093428492546,0.010955093428492546,0.010955093428492546
2020-06-28 05:00:00,0.0131983911889856,0.020094262436032295,0.020094262436032295,0.020094262436032295
2020-06-28 06:00:00,0.0239518565360348,0.02427966333925724,0.02427966333925724,0.02427966333925724
2020-06-28 07:00:00,0.0303841997698541,0.030510978773236275,0.030510978773236275,0.030510978773236275
2020-06-28 08:00:00,0.0244935232026884,0.028582587838172913,0.028582587838172913,0.028582587838172913
2020-06-28 09:00:00,0.0281285420612306,0.0325997918844223,0.0325997918844223,0.0325997918844223
2020-06-28 10:00:00,0.0256233558293156,0.03494095057249069,0.03494095057249069,0.03494095057249069
2020-06-28 11:00:00,0.0275994284355771,0.031017260625958443,0.031017260625958443,0.031017260625958443
2020-06-28 12:00:00,0.0261914251357415,0.02829601988196373,0.02829601988196373,0.02829601988196373
2020-06-28 13:00:00,0.0241138673799751,0.02786823734641075,0.02786823734641075,0.02786823734641075
2020-06-28 14:00:00,0.02104208520175,0.02626308985054493,0.02626308985054493,0.02626308985054493
2020-06-28 15:00:00,0.0260445604487777,0.025311246514320374,0.025311246514320374,0.025311246514320374
2020-06-28 16:00:00,0.0285069013257276,0.03043205663561821,0.03043205663561821,0.03043205663561821
2020-06-28 17:00:00,0.0251570663422247,0.02575240097939968,0.02575240097939968,0.02575240097939968
2020-06-28 18:00:00,0.028890437756786,0.025456367060542107,0.025456367060542107,0.025456367060542107
2020-06-28 19:00:00,0.0208632100335227,0.022408483549952507,0.022408483549952507,0.022408483549952507
2020-06-28 20:00:00,0.0185962958421039,0.02108786441385746,0.02108786441385746,0.02108786441385746
2020-06-28 21:00:00,0.0134337545879704,0.012730993330478668,0.012730993330478668,0.012730993330478668
2020-06-28 22:00:00,0.0111317743904522,0.012681006453931332,0.012681006453931332,0.012681006453931332
2020-06-28 23:00:00,0.0074321044234471,0.007830193266272545,0.007830193266272545,0.007830193266272545
2020-06-29 00:00:00,0.0048825994724676,0.007602745667099953,0.007602745667099953,0.007602745667099953
2020-06-29 01:00:00,0.0041639526077769,0.005869448184967041,0.005869448184967041,0.005869448184967041
2020-06-29 02:00:00,0.0041606522782412,0.006475251168012619,0.006475251168012619,0.006475251168012619
2020-06-29 03:00:00,0.0190525664691625,0.01222458016127348,0.01222458016127348,0.01222458016127348
2020-06-29 04:00:00,0.0294519064031582,0.0240066796541214,0.0240066796541214,0.0240066796541214
2020-06-29 05:00:00,0.040440355248039,0.04022224247455597,0.04022224247455597,0.04022224247455597
2020-06-29 06:00:00,0.0282769889119016,0.03600417450070381,0.03600417450070381,0.03600417450070381
2020-06-29 07:00:00,0.0568843765732485,0.04463659226894379,0.04463659226894379,0.04463659226894379
2020-06-29 08:00:00,0.0270453795379554,0.04820376634597778,0.04820376634597778,0.04820376634597778
2020-06-29 09:00:00,0.0396791607732259,0.04436902701854706,0.04436902701854706,0.04436902701854706
2020-06-29 10:00:00,0.048660596416788,0.04444456845521927,0.04444456845521927,0.04444456845521927
2020-06-29 11:00:00,0.0393810997171017,0.042680688202381134,0.042680688202381134,0.042680688202381134
2020-06-29 12:00:00,0.0311053453559653,0.03601474314928055,0.03601474314928055,0.03601474314928055
2020-06-29 13:00:00,0.0394743635077851,0.034158505499362946,0.034158505499362946,0.034158505499362946
2020-06-29 14:00:00,0.0290626473361645,0.030199481174349785,0.030199481174349785,0.030199481174349785
2020-06-29 15:00:00,0.0309289839698218,0.033306434750556946,0.033306434750556946,0.033306434750556946
2020-06-29 16:00:00,0.0332149856743912,0.03576010838150978,0.03576010838150978,0.03576010838150978
2020-06-29 17:00:00,0.0295499691727376,0.030521949753165245,0.030521949753165245,0.030521949753165245
2020-06-29 18:00:00,0.0293849526710945,0.026411129161715508,0.026411129161715508,0.026411129161715508
2020-06-29 19:00:00,0.0235069470133786,0.020513147115707397,0.020513147115707397,0.020513147115707397
2020-06-29 20:00:00,0.019324603779065,0.021386533975601196,0.021386533975601196,0.021386533975601196
2020-06-29 21:00:00,0.0178778216008421,0.01611367240548134,0.01611367240548134,0.01611367240548134
2020-06-29 22:00:00,0.0129211384325189,0.011861489154398441,0.011861489154398441,0.011861489154398441
2020-06-29 23:00:00,0.0093345047696622,0.005692880600690842,0.005692880600690842,0.005692880600690842
2020-06-30 00:00:00,0.0083493562543071,0.007667712867259979,0.007667712867259979,0.007667712867259979
2020-06-30 01:00:00,0.0068431681354972,0.0062941983342170715,0.0062941983342170715,0.0062941983342170715
2020-06-30 02:00:00,0.0088388423462679,0.00641665980219841,0.00641665980219841,0.00641665980219841
2020-06-30 03:00:00,0.009986532114742,0.010689033195376396,0.010689033195376396,0.010689033195376396
2020-06-30 04:00:00,0.0360083142929755,0.02792527712881565,0.02792527712881565,0.02792527712881565
2020-06-30 05:00:00,0.0364415429042879,0.04096445441246033,0.04096445441246033,0.04096445441246033
2020-06-30 06:00:00,0.0339407178217736,0.03463885560631752,0.03463885560631752,0.03463885560631752
2020-06-30 07:00:00,0.0410138201320207,0.03865461051464081,0.03865461051464081,0.03865461051464081
2020-06-30 08:00:00,0.047093028052798,0.04927605018019676,0.04927605018019676,0.04927605018019676
2020-06-30 09:00:00,0.0327985561056198,0.040427666157484055,0.040427666157484055,0.040427666157484055
2020-06-30 10:00:00,0.0365804042904214,0.04340158402919769,0.04340158402919769,0.04340158402919769
2020-06-30 11:00:00,0.0405667904290424,0.03480525314807892,0.03480525314807892,0.03480525314807892
2020-06-30 12:00:00,0.0313809818486848,0.03291422873735428,0.03291422873735428,0.03291422873735428
2020-06-30 13:00:00,0.0364551455145467,0.035287827253341675,0.035287827253341675,0.035287827253341675
2020-06-30 14:00:00,0.0325912841284212,0.03491916134953499,0.03491916134953499,0.03491916134953499
2020-06-30 15:00:00,0.0287686768676824,0.030724968761205673,0.030724968761205673,0.030724968761205673
2020-06-30 16:00:00,0.0332010201020104,0.028237227350473404,0.028237227350473404,0.028237227350473404
2020-06-30 17:00:00,0.0317827032703285,0.02819586731493473,0.02819586731493473,0.02819586731493473
2020-06-30 18:00:00,0.028632538254323,0.024605082347989082,0.024605082347989082,0.024605082347989082
2020-06-30 19:00:00,0.0209291554155352,0.022834431380033493,0.022834431380033493,0.022834431380033493
2020-06-30 20:00:00,0.0219118286833611,0.018076028674840927,0.018076028674840927,0.018076028674840927
2020-06-30 21:00:00,0.0171676042614227,0.012740489095449448,0.012740489095449448,0.012740489095449448
2020-06-30 22:00:00,0.0113045679572925,0.010676885023713112,0.010676885023713112,0.010676885023713112
2020-06-30 23:00:00,0.0017216471924396,0.008252318948507309,0.008252318948507309,0.008252318948507309
2020-07-01 00:00:00,0.0179011238354121,0.00568937323987484,0.00568937323987484,0.00568937323987484
2020-07-01 01:00:00,0.006657724494973,0.006511207669973373,0.006511207669973373,0.006511207669973373
2020-07-01 02:00:00,0.0060475759806194,0.007569730281829834,0.007569730281829834,0.007569730281829834
2020-07-01 03:00:00,0.01142133835636,0.01711025834083557,0.01711025834083557,0.01711025834083557
2020-07-01 04:00:00,0.0349502162441579,0.036962106823921204,0.036962106823921204,0.036962106823921204
2020-07-01 05:00:00,0.0301705132743459,0.043877359479665756,0.043877359479665756,0.043877359479665756
2020-07-01 06:00:00,0.0417196056830944,0.03851785510778427,0.03851785510778427,0.03851785510778427
2020-07-01 07:00:00,0.0415568994124674,0.04664483666419983,0.04664483666419983,0.04664483666419983
2020-07-01 08:00:00,0.0508013301060323,0.042438313364982605,0.042438313364982605,0.042438313364982605
2020-07-01 09:00:00,0.0465129637689087,0.043147820979356766,0.043147820979356766,0.043147820979356766
2020-07-01 10:00:00,0.0497115611286415,0.05014031380414963,0.05014031380414963,0.05014031380414963
2020-07-01 11:00:00,0.0542152739999258,0.039796266704797745,0.039796266704797745,0.039796266704797745
2020-07-01 12:00:00,0.031428310304048,0.038053710013628006,0.038053710013628006,0.038053710013628006
2020-07-01 13:00:00,0.0337552333804894,0.03713040053844452,0.03713040053844452,0.03713040053844452
2020-07-01 14:00:00,0.0354085808580829,0.02995365858078003,0.02995365858078003,0.02995365858078003
2020-07-01 15:00:00,0.0308886138613808,0.037253763526678085,0.037253763526678085,0.037253763526678085
2020-07-01 16:00:00,0.0251955445544592,0.029339291155338287,0.029339291155338287,0.029339291155338287
2020-07-01 17:00:00,0.0281633663366354,0.027276525273919106,0.027276525273919106,0.027276525273919106
2020-07-01 18:00:00,0.0230495049504946,0.02771153673529625,0.02771153673529625,0.02771153673529625
2020-07-01 19:00:00,0.0243655115511566,0.024619393050670624,0.024619393050670624,0.024619393050670624
2020-07-01 20:00:00,0.0185288778877921,0.024250611662864685,0.024250611662864685,0.024250611662864685
2020-07-01 21:00:00,0.0130235148514831,0.018421169370412827,0.018421169370412827,0.018421169370412827
2020-07-01 22:00:00,0.00979414191419,0.016307344660162926,0.016307344660162926,0.016307344660162926
2020-07-01 23:00:00,0.0076505775577598,0.012392905540764332,0.012392905540764332,0.012392905540764332
2020-07-02 00:00:00,0.0052702145214456,0.00861935131251812,0.00861935131251812,0.00861935131251812
2020-07-02 01:00:00,0.0053630363036301,0.010036248713731766,0.010036248713731766,0.010036248713731766
2020-07-02 02:00:00,0.0050214521452162,0.009017650038003922,0.009017650038003922,0.009017650038003922
2020-07-02 03:00:00,0.0089055280528027,0.011063175275921822,0.011063175275921822,0.011063175275921822
2020-07-02 04:00:00,0.0283362211221134,0.026211991906166077,0.026211991906166077,0.026211991906166077
2020-07-02 05:00:00,0.0265565181518222,0.03901364281773567,0.03901364281773567,0.03901364281773567
2020-07-02 06:00:00,0.0469368811886083,0.03942207247018814,0.03942207247018814,0.03942207247018814
2020-07-02 07:00:00,0.0465288778877964,0.04010973125696182,0.04010973125696182,0.04010973125696182
2020-07-02 08:00:00,0.0450346534653481,0.049260519444942474,0.049260519444942474,0.049260519444942474
2020-07-02 09:00:00,0.0437361798684653,0.04204601049423218,0.04204601049423218,0.04204601049423218
2020-07-02 10:00:00,0.0470051567656841,0.045434921979904175,0.045434921979904175,0.045434921979904175
2020-07-02 11:00:00,0.0423578795379508,0.03724568337202072,0.03724568337202072,0.03724568337202072
2020-07-02 12:00:00,0.0364445132013278,0.039703119546175,0.039703119546175,0.039703119546175
2020-07-02 13:00:00,0.0463365924097303,0.033949729055166245,0.033949729055166245,0.033949729055166245
2020-07-02 14:00:00,0.0295478135313581,0.03345403075218201,0.03345403075218201,0.03345403075218201
2020-07-02 15:00:00,0.0341748762376199,0.033272817730903625,0.033272817730903625,0.033272817730903625
2020-07-02 16:00:00,0.0321971534653495,0.03260555863380432,0.03260555863380432,0.03260555863380432
2020-07-02 17:00:00,0.0294793729372894,0.029710039496421814,0.029710039496421814,0.029710039496421814
2020-07-02 18:00:00,0.0242762376242539,0.03026471473276615,0.03026471473276615,0.03026471473276615
2020-07-02 19:00:00,0.0213158415841642,0.02692832611501217,0.02692832611501217,0.02692832611501217
2020-07-02 20:00:00,0.0230823432343255,0.022765379399061203,0.022765379399061203,0.022765379399061203
2020-07-02 21:00:00,0.0139020627067681,0.016884319484233856,0.016884319484233856,0.016884319484233856
2020-07-02 22:00:00,0.0120911716171552,0.01270501222461462,0.01270501222461462,0.01270501222461462
2020-07-02 23:00:00,0.0062776402640261,0.010848348960280418,0.010848348960280418,0.010848348960280418
2020-07-03 00:00:00,0.0055127887793813,0.009874613955616951,0.009874613955616951,0.009874613955616951
2020-07-03 01:00:00,0.0039117161716058,0.010132694616913795,0.010132694616913795,0.010132694616913795
2020-07-03 02:00:00,0.0061431518151816,0.010662497952580452,0.010662497952580452,0.010662497952580452
2020-07-03 03:00:00,0.010361798680371,0.016877707093954086,0.016877707093954086,0.016877707093954086
2020-07-03 04:00:00,0.0318865511555992,0.028410669416189194,0.028410669416189194,0.028410669416189194
2020-07-03 05:00:00,0.0381175742574282,0.03404690697789192,0.03404690697789192,0.03404690697789192
2020-07-03 06:00:00,0.0358490099009981,0.04116033762693405,0.04116033762693405,0.04116033762693405
2020-07-03 07:00:00,0.0391093234323424,0.040711816400289536,0.040711816400289536,0.040711816400289536
2020-07-03 08:00:00,0.0531830858085848,0.04641154408454895,0.04641154408454895,0.04641154408454895
2020-07-03 09:00:00,0.0561946369636895,0.0454447902739048,0.0454447902739048,0.0454447902739048
2020-07-03 10:00:00,0.0521137788778839,0.0434664823114872,0.0434664823114872,0.0434664823114872
2020-07-03 11:00:00,0.0402614686468696,0.045080553740262985,0.045080553740262985,0.045080553740262985
2020-07-03 12:00:00,0.0410401215121465,0.03908113017678261,0.03908113017678261,0.03908113017678261
2020-07-03 13:00:00,0.0318145439543903,0.034298282116651535,0.034298282116651535,0.034298282116651535
2020-07-03 14:00:00,0.0314399564956474,0.029465502128005028,0.029465502128005028,0.029465502128005028
2020-07-03 15:00:00,0.0337860786083576,0.03304651379585266,0.03304651379585266,0.03304651379585266
2020-07-03 16:00:00,0.0320328417462127,0.03259309381246567,0.03259309381246567,0.03259309381246567
2020-07-03 17:00:00,0.0269297064321785,0.031096389517188072,0.031096389517188072,0.031096389517188072
2020-07-03 18:00:00,0.0273546239239383,0.02601626142859459,0.02601626142859459,0.02601626142859459
2020-07-03 19:00:00,0.022166505112043,0.021922418847680092,0.021922418847680092,0.021922418847680092
2020-07-03 20:00:00,0.0209453829998357,0.020950328558683395,0.020950328558683395,0.020950328558683395
2020-07-03 21:00:00,0.014076571118653,0.01760759763419628,0.01760759763419628,0.01760759763419628
2020-07-03 22:00:00,0.010287957257267,0.015157265588641167,0.015157265588641167,0.015157265588641167
2020-07-03 23:00:00,0.0078657400355335,0.008021937683224678,0.008021937683224678,0.008021937683224678
2020-07-04 00:00:00,0.0058770161641519,0.006449509412050247,0.006449509412050247,0.006449509412050247
2020-07-04 01:00:00,0.0037408775492969,0.0068273283541202545,0.0068273283541202545,0.0068273283541202545
2020-07-04 02:00:00,0.0044958280443431,0.0063918232917785645,0.0063918232917785645,0.0063918232917785645
2020-07-04 03:00:00,0.0049403824997849,0.0074248649179935455,0.0074248649179935455,0.0074248649179935455
2020-07-04 04:00:00,0.0071161250740453,0.010263068601489067,0.010263068601489067,0.010263068601489067
2020-07-04 05:00:00,0.014686669629004,0.01678873971104622,0.01678873971104622,0.01678873971104622
2020-07-04 06:00:00,0.0268691778793185,0.03134690597653389,0.03134690597653389,0.03134690597653389
2020-07-04 07:00:00,0.0270634848105145,0.03225891664624214,0.03225891664624214,0.03225891664624214
2020-07-04 08:00:00,0.0347375772197591,0.0369427427649498,0.0369427427649498,0.0369427427649498
2020-07-04 09:00:00,0.0352671426762967,0.03977534919977188,0.03977534919977188,0.03977534919977188
2020-07-04 10:00:00,0.0298108720487422,0.03151874989271164,0.03151874989271164,0.03151874989271164
2020-07-04 11:00:00,0.0275033637984132,0.037019383162260056,0.037019383162260056,0.037019383162260056
2020-07-04 12:00:00,0.0277772911906559,0.024706723168492317,0.024706723168492317,0.024706723168492317
2020-07-04 13:00:00,0.0283020436664099,0.02736731618642807,0.02736731618642807,0.02736731618642807
2020-07-04 14:00:00,0.0228386773292727,0.026723843067884445,0.026723843067884445,0.026723843067884445
2020-07-04 15:00:00,0.0286480832703519,0.024772660806775093,0.024772660806775093,0.024772660806775093
2020-07-04 16:00:00,0.0281890073622764,0.029570724815130234,0.029570724815130234,0.029570724815130234
2020-07-04 17:00:00,0.0228474232043577,0.026668105274438858,0.026668105274438858,0.026668105274438858
2020-07-04 18:00:00,0.0269253109926392,0.024219350889325142,0.024219350889325142,0.024219350889325142
2020-07-04 19:00:00,0.0169546839299268,0.02037178725004196,0.02037178725004196,0.02037178725004196
2020-07-04 20:00:00,0.0184955255145841,0.020934173837304115,0.020934173837304115,0.020934173837304115
2020-07-04 21:00:00,0.0156093043919826,0.016734348610043526,0.016734348610043526,0.016734348610043526
2020-07-04 22:00:00,0.0090222581878458,0.014237185008823872,0.014237185008823872,0.014237185008823872
2020-07-04 23:00:00,0.0086534463061744,0.011608083732426167,0.011608083732426167,0.011608083732426167
2020-07-05 00:00:00,0.0059827917412113,0.0066908858716487885,0.0066908858716487885,0.0066908858716487885
2020-07-05 01:00:00,0.0033181877803129,0.006404632702469826,0.006404632702469826,0.006404632702469826
2020-07-05 02:00:00,0.0034110095629883,0.006649361923336983,0.006649361923336983,0.006649361923336983
2020-07-05 03:00:00,0.0043961580773446,0.006774794310331345,0.006774794310331345,0.006774794310331345
2020-07-05 04:00:00,0.0072951679783364,0.009240569546818733,0.009240569546818733,0.009240569546818733
2020-07-05 05:00:00,0.0148110095624913,0.013272803276777267,0.013272803276777267,0.013272803276777267
2020-07-05 06:00:00,0.0196567191339481,0.021664831787347794,0.021664831787347794,0.021664831787347794
2020-07-05 07:00:00,0.0207425277143113,0.025053996592760086,0.025053996592760086,0.025053996592760086
2020-07-05 08:00:00,0.0294568736169862,0.03052402287721634,0.03052402287721634,0.03052402287721634
2020-07-05 09:00:00,0.0298259605256753,0.0303659588098526,0.0303659588098526,0.0303659588098526
2020-07-05 10:00:00,0.029972660196143,0.02961285039782524,0.02961285039782524,0.02961285039782524
2020-07-05 11:00:00,0.0261013730669252,0.032188624143600464,0.032188624143600464,0.032188624143600464
2020-07-05 12:00:00,0.0317358615162737,0.027847494930028915,0.027847494930028915,0.027847494930028915
2020-07-05 13:00:00,0.022680580987718,0.02521248161792755,0.02521248161792755,0.02521248161792755
2020-07-05 14:00:00,0.0238959275223749,0.027315938845276833,0.027315938845276833,0.027315938845276833
2020-07-05 15:00:00,0.0259743103606649,0.025192076340317726,0.025192076340317726,0.025192076340317726
2020-07-05 16:00:00,0.0259198549156066,0.03315505385398865,0.03315505385398865,0.03315505385398865
2020-07-05 17:00:00,0.0221987328029069,0.024806205183267593,0.024806205183267593,0.024806205183267593
2020-07-05 18:00:00,0.0283356964997665,0.02652093581855297,0.02652093581855297,0.02652093581855297
2020-07-05 19:00:00,0.0230881717467975,0.024974782019853592,0.024974782019853592,0.024974782019853592
2020-07-05 20:00:00,0.0213244119097715,0.021290594711899757,0.021290594711899757,0.021290594711899757
2020-07-05 21:00:00,0.0151420686754515,0.015090547502040863,0.015090547502040863,0.015090547502040863
2020-07-05 22:00:00,0.0100537848470668,0.011357240378856659,0.011357240378856659,0.011357240378856659
2020-07-05 23:00:00,0.0056354680148898,0.00895235501229763,0.00895235501229763,0.00895235501229763
2020-07-06 00:00:00,0.0052047749465658,0.005779042840003967,0.005779042840003967,0.005779042840003967
2020-07-06 01:00:00,0.0040278772558083,0.005262749269604683,0.005262749269604683,0.005262749269604683
2020-07-06 02:00:00,0.00587193666175,0.004246700555086136,0.004246700555086136,0.004246700555086136
2020-07-06 03:00:00,0.0078731742855104,0.01055985502898693,0.01055985502898693,0.01055985502898693
2020-07-06 04:00:00,0.0205435538234745,0.017144976183772087,0.017144976183772087,0.017144976183772087
2020-07-06 05:00:00,0.0330311775858478,0.03417697176337242,0.03417697176337242,0.03417697176337242
2020-07-06 06:00:00,0.0302976792360077,0.03352707251906395,0.03352707251906395,0.03352707251906395
2020-07-06 07:00:00,0.0379961115792434,0.04159586504101753,0.04159586504101753,0.04159586504101753
2020-07-06 08:00:00,0.0465130257711498,0.03985618054866791,0.03985618054866791,0.03985618054866791
2020-07-06 09:00:00,0.0412787023383123,0.03831189125776291,0.03831189125776291,0.03831189125776291
2020-07-06 10:00:00,0.0357671511832094,0.03928777202963829,0.03928777202963829,0.03928777202963829
2020-07-06 11:00:00,0.0415633558036711,0.04030928388237953,0.04030928388237953,0.04030928388237953
2020-07-06 12:00:00,0.0350509795660397,0.04516494274139404,0.04516494274139404,0.04516494274139404
2020-07-06 13:00:00,0.0318892633944305,0.033882372081279755,0.033882372081279755,0.033882372081279755
2020-07-06 14:00:00,0.0303211940874871,0.031861186027526855,0.031861186027526855,0.031861186027526855
2020-07-06 15:00:00,0.026471359103992,0.02915664203464985,0.02915664203464985,0.02915664203464985
2020-07-06 16:00:00,0.0321627782459044,0.03673519939184189,0.03673519939184189,0.03673519939184189
2020-07-06 17:00:00,0.0283038673548317,0.0342465303838253,0.0342465303838253,0.0342465303838253
2020-07-06 18:00:00,0.0237417386419394,0.027774620801210403,0.027774620801210403,0.027774620801210403
2020-07-06 19:00:00,0.0256402534934395,0.025046445429325104,0.025046445429325104,0.025046445429325104
2020-07-06 20:00:00,0.0184744119092773,0.02030191197991371,0.02030191197991371,0.02030191197991371
2020-07-06 21:00:00,0.0175940488734717,0.016653619706630707,0.016653619706630707,0.016653619706630707
2020-07-06 22:00:00,0.0126199977178521,0.010222453624010086,0.010222453624010086,0.010222453624010086
2020-07-06 23:00:00,0.0053690076188435,0.009564081206917763,0.009564081206917763,0.009564081206917763
2020-07-07 00:00:00,0.0039284135599407,0.006386147812008858,0.006386147812008858,0.006386147812008858
2020-07-07 01:00:00,0.0040686775858445,0.0039968304336071014,0.0039968304336071014,0.0039968304336071014
2020-07-07 02:00:00,0.0050975554736363,0.0039183590561151505,0.0039183590561151505,0.0039183590561151505
2020-07-07 03:00:00,0.0075561363317185,0.007965458557009697,0.007965458557009697,0.007965458557009697
2020-07-07 04:00:00,0.0180264333614165,0.020164838060736656,0.020164838060736656,0.020164838060736656
2020-07-07 05:00:00,0.0320784135594442,0.03014809638261795,0.03014809638261795,0.03014809638261795
2020-07-07 06:00:00,0.0325511858366577,0.03928838670253754,0.03928838670253754,0.03928838670253754
2020-07-07 07:00:00,0.0361058168316979,0.033981289714574814,0.033981289714574814,0.033981289714574814
2020-07-07 08:00:00,0.0379482260726041,0.044578395783901215,0.044578395783901215,0.044578395783901215
2020-07-07 09:00:00,0.0399098597359683,0.04301110655069351,0.04301110655069351,0.04301110655069351
2020-07-07 10:00:00,0.0372786716171627,0.0332508385181427,0.0332508385181427,0.0332508385181427
2020-07-07 11:00:00,0.032804661716173,0.031118981540203094,0.031118981540203094,0.031118981540203094
2020-07-07 12:00:00,0.0295711633663455,0.02943972870707512,0.02943972870707512,0.02943972870707512
2020-07-07 13:00:00,0.0346836221121967,0.03051723726093769,0.03051723726093769,0.03051723726093769
2020-07-07 14:00:00,0.0316075082508289,0.02844187803566456,0.02844187803566456,0.02844187803566456
2020-07-07 15:00:00,0.0299160891089147,0.028825467452406883,0.028825467452406883,0.028825467452406883
2020-07-07 16:00:00,0.0334796204620419,0.03630328178405762,0.03630328178405762,0.03630328178405762
2020-07-07 17:00:00,0.0353125412541267,0.0301226619631052,0.0301226619631052,0.0301226619631052
2020-07-07 18:00:00,0.028837505893448,0.02547822892665863,0.02547822892665863,0.02547822892665863
2020-07-07 19:00:00,0.0272624233856864,0.023008747026324272,0.023008747026324272,0.023008747026324272
2020-07-07 20:00:00,0.0256625884017018,0.01847805455327034,0.01847805455327034,0.01847805455327034
2020-07-07 21:00:00,0.0166275223950963,0.02003464847803116,0.02003464847803116,0.02003464847803116
2020-07-07 22:00:00,0.0106324728901431,0.012008030898869038,0.012008030898869038,0.012008030898869038
2020-07-07 23:00:00,0.0085543375766172,0.00958818756043911,0.00958818756043911,0.00958818756043911
2020-07-08 00:00:00,0.008062588402193,0.004439815878868103,0.004439815878868103,0.004439815878868103
2020-07-08 01:00:00,0.0064532649693511,0.0017251018434762955,0.0017251018434762955,0.0017251018434762955
2020-07-08 02:00:00,0.023440888731731,0.0031536277383565903,0.0031536277383565903,0.0031536277383565903
2020-07-08 03:00:00,0.0266587105139101,0.005552180111408234,0.005552180111408234,0.005552180111408234
2020-07-08 04:00:00,0.0301331329561611,0.01752551645040512,0.01752551645040512,0.01752551645040512
2020-07-08 05:00:00,0.0455056577086255,0.04051196202635765,0.04051196202635765,0.04051196202635765
2020-07-08 06:00:00,0.0522713342767747,0.040140580385923386,0.040140580385923386,0.040140580385923386
2020-07-08 07:00:00,0.0556690240457537,0.04153763875365257,0.04153763875365257,0.04153763875365257
2020-07-08 08:00:00,0.0551138613861416,0.047012753784656525,0.047012753784656525,0.047012753784656525
2020-07-08 09:00:00,0.0477556930693048,0.04579608887434006,0.04579608887434006,0.04579608887434006
2020-07-08 10:00:00,0.0501344059406021,0.04657310992479324,0.04657310992479324,0.04657310992479324
2020-07-08 11:00:00,0.0409487623762378,0.04472331330180168,0.04472331330180168,0.04472331330180168
2020-07-08 12:00:00,0.0388010726072541,0.034707069396972656,0.034707069396972656,0.034707069396972656
2020-07-08 13:00:00,0.0358691419141947,0.0322306752204895,0.0322306752204895,0.0322306752204895
2020-07-08 14:00:00,0.0334953795379498,0.031345851719379425,0.031345851719379425,0.031345851719379425
2020-07-08 15:00:00,0.0278221122112241,0.03273383527994156,0.03273383527994156,0.03273383527994156
2020-07-08 16:00:00,0.0320250825082424,0.034015074372291565,0.034015074372291565,0.034015074372291565
2020-07-08 17:00:00,0.0346306105610584,0.02887539565563202,0.02887539565563202,0.02887539565563202
2020-07-08 18:00:00,0.030145462046209,0.026715261861681938,0.026715261861681938,0.026715261861681938
2020-07-08 19:00:00,0.0174689768986771,0.02555752918124199,0.02555752918124199,0.02555752918124199
2020-07-08 20:00:00,0.0221016089108961,0.02119690552353859,0.02119690552353859,0.02119690552353859
2020-07-08 21:00:00,0.0181242986798679,0.01394813135266304,0.01394813135266304,0.01394813135266304
2020-07-08 22:00:00,0.0107476190476117,0.009078959003090858,0.009078959003090858,0.009078959003090858
2020-07-08 23:00:00,0.0079278995761679,0.005968669429421425,0.005968669429421425,0.005968669429421425
2020-07-09 00:00:00,0.0041630480910175,0.00455750897526741,0.00455750897526741,0.00455750897526741
2020-07-09 01:00:00,0.0047707213583445,0.004486478865146637,0.004486478865146637,0.004486478865146637
2020-07-09 02:00:00,0.0050628005657745,0.005513053387403488,0.005513053387403488,0.005513053387403488
2020-07-09 03:00:00,0.014978642149927,0.00780743733048439,0.00780743733048439,0.00780743733048439
2020-07-09 04:00:00,0.0310462989161118,0.025751978158950806,0.025751978158950806,0.025751978158950806
2020-07-09 05:00:00,0.040652145214515,0.03294845670461655,0.03294845670461655,0.03294845670461655
2020-07-09 06:00:00,0.0447998349835057,0.034346550703048706,0.034346550703048706,0.034346550703048706
2020-07-09 07:00:00,0.0361810231022976,0.03862889111042023,0.03862889111042023,0.03862889111042023
2020-07-09 08:00:00,0.0409393564356508,0.049347907304763794,0.049347907304763794,0.049347907304763794
2020-07-09 09:00:00,0.0534385313531411,0.04609709233045578,0.04609709233045578,0.04609709233045578
2020-07-09 10:00:00,0.0506233498354787,0.03544134646654129,0.03544134646654129,0.03544134646654129
2020-07-09 11:00:00,0.0487646039603853,0.037101805210113525,0.037101805210113525,0.037101805210113525
2020-07-09 12:00:00,0.0359956270627125,0.033042486757040024,0.033042486757040024,0.033042486757040024
2020-07-09 13:00:00,0.037992326732667,0.030560722574591637,0.030560722574591637,0.030560722574591637
2020-07-09 14:00:00,0.0340801980198027,0.029507536441087723,0.029507536441087723,0.029507536441087723
2020-07-09 15:00:00,0.0382581345634561,0.037243202328681946,0.037243202328681946,0.037243202328681946
2020-07-09 16:00:00,0.0336441081613141,0.03417132794857025,0.03417132794857025,0.03417132794857025
2020-07-09 17:00:00,0.0311977090566164,0.030769623816013336,0.030769623816013336,0.030769623816013336
2020-07-09 18:00:00,0.0297205863443497,0.029795611277222633,0.029795611277222633,0.029795611277222633
2020-07-09 19:00:00,0.0239517744631675,0.02616751752793789,0.02616751752793789,0.02616751752793789
2020-07-09 20:00:00,0.0212710813938504,0.021064214408397675,0.021064214408397675,0.021064214408397675
2020-07-09 21:00:00,0.0122888206677826,0.015842285007238388,0.015842285007238388,0.015842285007238388
2020-07-09 22:00:00,0.0087937711628294,0.008063364773988724,0.008063364773988724,0.008063364773988724
2020-07-09 23:00:00,0.0069917909648073,0.008261023089289665,0.008261023089289665,0.008261023089289665
2020-07-10 00:00:00,0.0050906358493015,0.001886129379272461,0.001886129379272461,0.001886129379272461
2020-07-10 01:00:00,0.0042366754532586,0.005157191306352615,0.005157191306352615,0.005157191306352615
2020-07-10 02:00:00,0.0044173256611349,0.004254119470715523,0.004254119470715523,0.004254119470715523
2020-07-10 03:00:00,0.0110791168402564,0.007700670510530472,0.007700670510530472,0.007700670510530472
2020-07-10 04:00:00,0.0294871201405882,0.021060369908809662,0.021060369908809662,0.021060369908809662
2020-07-10 05:00:00,0.0230426256916347,0.03741429001092911,0.03741429001092911,0.03741429001092911
2020-07-10 06:00:00,0.034955166945263,0.039237335324287415,0.039237335324287415,0.039237335324287415
2020-07-10 07:00:00,0.0455899147057545,0.045777544379234314,0.045777544379234314,0.045777544379234314
2020-07-10 08:00:00,0.0343349642107082,0.045902758836746216,0.045902758836746216,0.045902758836746216
2020-07-10 09:00:00,0.041822705842015,0.04385540634393692,0.04385540634393692,0.04385540634393692
2020-07-10 10:00:00,0.0383541414855848,0.04302794113755226,0.04302794113755226,0.04302794113755226
2020-07-10 11:00:00,0.0382246035317762,0.03733311966061592,0.03733311966061592,0.03733311966061592
2020-07-10 12:00:00,0.0312401975911868,0.03535575419664383,0.03535575419664383,0.03535575419664383
2020-07-10 13:00:00,0.0283416827396951,0.031179659068584442,0.031179659068584442,0.031179659068584442
2020-07-10 14:00:00,0.0268845120226424,0.03408919274806976,0.03408919274806976,0.03408919274806976
2020-07-10 15:00:00,0.0309599245638774,0.03173166513442993,0.03173166513442993,0.03173166513442993
2020-07-10 16:00:00,0.0294005186232936,0.03275371342897415,0.03275371342897415,0.03275371342897415
2020-07-10 17:00:00,0.0246814592173487,0.03227294608950615,0.03227294608950615,0.03227294608950615
2020-07-10 18:00:00,0.0238192479967198,0.03425626456737518,0.03425626456737518,0.03425626456737518
2020-07-10 19:00:00,0.0260807991513433,0.024013688787817955,0.024013688787817955,0.024013688787817955
2020-07-10 20:00:00,0.019334635785008,0.022991662845015526,0.022991662845015526,0.022991662845015526
2020-07-10 21:00:00,0.0138746522866627,0.01607423648238182,0.01607423648238182,0.01607423648238182
2020-07-10 22:00:00,0.0104311704384613,0.014267782680690289,0.014267782680690289,0.014267782680690289
2020-07-10 23:00:00,0.0093519625181851,0.0075173210352659225,0.0075173210352659225,0.0075173210352659225
2020-07-11 00:00:00,0.0066613684587683,0.00852358527481556,0.00852358527481556,0.00852358527481556
2020-07-11 01:00:00,0.0041631011320365,0.007344353944063187,0.007344353944063187,0.007344353944063187
2020-07-11 02:00:00,0.0051618635082755,0.006258822977542877,0.006258822977542877,0.006258822977542877
2020-07-11 03:00:00,0.0045876060825265,0.008336052298545837,0.008336052298545837,0.008336052298545837
2020-07-11 04:00:00,0.0081002475252475,0.008343277499079704,0.008343277499079704,0.008343277499079704
2020-07-11 05:00:00,0.0174381188118867,0.02157333865761757,0.02157333865761757,0.02157333865761757
2020-07-11 06:00:00,0.0274201438000914,0.028988515958189964,0.028988515958189964,0.028988515958189964
2020-07-11 07:00:00,0.0270216289491044,0.03378776088356972,0.03378776088356972,0.03378776088356972
2020-07-11 08:00:00,0.0348916784535565,0.0322553776204586,0.0322553776204586,0.0322553776204586
2020-07-11 09:00:00,0.0287505893446594,0.0334320142865181,0.0334320142865181,0.0334320142865181
2020-07-11 10:00:00,0.0261977840641117,0.03312765061855316,0.03312765061855316,0.03312765061855316
2020-07-11 11:00:00,0.0289750117868968,0.035047587007284164,0.035047587007284164,0.035047587007284164
2020-07-11 12:00:00,0.0262728665723752,0.02862430363893509,0.02862430363893509,0.02862430363893509
2020-07-11 13:00:00,0.0214326025459678,0.02661817893385887,0.02661817893385887,0.02661817893385887
2020-07-11 14:00:00,0.022850919377642,0.024666672572493553,0.024666672572493553,0.024666672572493553
2020-07-11 15:00:00,0.0242707213578581,0.02546526864171028,0.02546526864171028,0.02546526864171028
2020-07-11 16:00:00,0.0221154879773722,0.025751350447535515,0.025751350447535515,0.025751350447535515
2020-07-11 17:00:00,0.0238374351720778,0.02346876449882984,0.02346876449882984,0.02346876449882984
2020-07-11 18:00:00,0.0246413955691251,0.021641625091433525,0.021641625091433525,0.021641625091433525
2020-07-11 19:00:00,0.0201958510141699,0.017558258026838303,0.017558258026838303,0.017558258026838303
2020-07-11 20:00:00,0.0180889910419538,0.017009248957037926,0.017009248957037926,0.017009248957037926
2020-07-11 21:00:00,0.0158860207449317,0.013659046031534672,0.013659046031534672,0.013659046031534672
2020-07-11 22:00:00,0.010593941537511,0.011221420019865036,0.011221420019865036,0.011221420019865036
2020-07-11 23:00:00,0.0069915841589078,0.009768655523657799,0.009768655523657799,0.009768655523657799
2020-07-12 00:00:00,0.0059767326732703,0.005514770746231079,0.005514770746231079,0.005514770746231079
2020-07-12 01:00:00,0.0045113861386138,0.004800552502274513,0.004800552502274513,0.004800552502274513
2020-07-12 02:00:00,0.0033702970301972,0.00438041053712368,0.00438041053712368,0.00438041053712368
2020-07-12 03:00:00,0.0050002475247569,0.005442826077342033,0.005442826077342033,0.005442826077342033
2020-07-12 04:00:00,0.008363448844874,0.00702076219022274,0.00702076219022274,0.00702076219022274
2020-07-12 05:00:00,0.0155070132013294,0.01394589338451624,0.01394589338451624,0.01394589338451624
2020-07-12 06:00:00,0.0188580858090773,0.02408599853515625,0.02408599853515625,0.02408599853515625
2020-07-12 07:00:00,0.0272924917496609,0.029008623212575912,0.029008623212575912,0.029008623212575912
2020-07-12 08:00:00,0.027861798680371,0.02852242812514305,0.02852242812514305,0.02852242812514305
2020-07-12 09:00:00,0.0282982673267294,0.0311458557844162,0.0311458557844162,0.0311458557844162
2020-07-12 10:00:00,0.0290610561056035,0.03299917280673981,0.03299917280673981,0.03299917280673981
2020-07-12 11:00:00,0.0261377887788826,0.032279279083013535,0.032279279083013535,0.032279279083013535
2020-07-12 12:00:00,0.0228778877892693,0.029588617384433746,0.029588617384433746,0.029588617384433746
2020-07-12 13:00:00,0.0238036303630424,0.028523504734039307,0.028523504734039307,0.028523504734039307
2020-07-12 14:00:00,0.0239063531358079,0.023276647552847862,0.023276647552847862,0.023276647552847862
2020-07-12 15:00:00,0.0256732673267344,0.024765243753790855,0.024765243753790855,0.024765243753790855
2020-07-12 16:00:00,0.0257103960396084,0.03045859932899475,0.03045859932899475,0.03045859932899475
2020-07-12 17:00:00,0.0285775577557675,0.028475424274802208,0.028475424274802208,0.028475424274802208
2020-07-12 18:00:00,0.0236534653465329,0.020506877452135086,0.020506877452135086,0.020506877452135086
2020-07-12 19:00:00,0.020577970297524,0.021001482382416725,0.021001482382416725,0.021001482382416725
2020-07-12 20:00:00,0.0188065181518171,0.02056467905640602,0.02056467905640602,0.02056467905640602
2020-07-12 21:00:00,0.0179905115516544,0.015306022949516773,0.015306022949516773,0.015306022949516773
2020-07-12 22:00:00,0.0084777227722797,0.011902710422873497,0.011902710422873497,0.011902710422873497
2020-07-12 23:00:00,0.0066505775577532,0.006812278181314468,0.006812278181314468,0.006812278181314468
2020-07-13 00:00:00,0.0049385313541245,0.005812332034111023,0.005812332034111023,0.005812332034111023
2020-07-13 01:00:00,0.0061233498349823,0.004047505557537079,0.004047505557537079,0.004047505557537079
2020-07-13 02:00:00,0.0139599834983562,0.005552474409341812,0.005552474409341812,0.005552474409341812
2020-07-13 03:00:00,0.0287677392749143,0.009534625336527824,0.009534625336527824,0.009534625336527824
2020-07-13 04:00:00,0.0366415016506588,0.018500981852412224,0.018500981852412224,0.018500981852412224
2020-07-13 05:00:00,0.0411860561061109,0.029862038791179657,0.029862038791179657,0.029862038791179657
2020-07-13 06:00:00,0.0459740099009938,0.03449675068259239,0.03449675068259239,0.03449675068259239
2020-07-13 07:00:00,0.0515107260726113,0.03166285157203674,0.03166285157203674,0.03166285157203674
2020-07-13 08:00:00,0.0433721122117132,0.03868147358298302,0.03868147358298302,0.03868147358298302
2020-07-13 09:00:00,0.0313597359735948,0.03891969472169876,0.03891969472169876,0.03891969472169876
2020-07-13 10:00:00,0.0420099680534597,0.03916412964463234,0.03916412964463234,0.03916412964463234
2020-07-13 11:00:00,0.0319974267993218,0.038226157426834106,0.038226157426834106,0.038226157426834106
2020-07-13 12:00:00,0.0364553475918978,0.037797123193740845,0.037797123193740845,0.037797123193740845
2020-07-13 13:00:00,0.0294479218488435,0.03313290327787399,0.03313290327787399,0.03313290327787399
2020-07-13 14:00:00,0.0299970142580743,0.027446886524558067,0.027446886524558067,0.027446886524558067
2020-07-13 15:00:00,0.0291203640930596,0.031131740659475327,0.031131740659475327,0.031131740659475327
2020-07-13 16:00:00,0.0294951165683084,0.031571850180625916,0.031571850180625916,0.031571850180625916
2020-07-13 17:00:00,0.0241548879025833,0.029535796493291855,0.029535796493291855,0.029535796493291855
2020-07-13 18:00:00,0.026896637077501,0.025198910385370255,0.025198910385370255,0.025198910385370255
2020-07-13 19:00:00,0.025534425856382,0.02090158313512802,0.02090158313512802,0.02090158313512802
2020-07-13 20:00:00,0.0183418515989482,0.020755166187882423,0.020755166187882423,0.020755166187882423
2020-07-13 21:00:00,0.0141661090251936,0.014085139147937298,0.014085139147937298,0.014085139147937298
2020-07-13 22:00:00,0.0113080232161109,0.009945427998900414,0.009945427998900414,0.009945427998900414
2020-07-13 23:00:00,0.0065953169454827,0.0064207445830106735,0.0064207445830106735,0.0064207445830106735
2020-07-14 00:00:00,0.0039121486291541,0.005819285288453102,0.005819285288453102,0.005819285288453102
2020-07-14 01:00:00,0.0044215545692556,0.005301611497998238,0.005301611497998238,0.005301611497998238
2020-07-14 02:00:00,0.0046606909828875,0.006066722795367241,0.006066722795367241,0.006066722795367241
2020-07-14 03:00:00,0.006479997914076,0.010671403259038925,0.010671403259038925,0.010671403259038925
2020-07-14 04:00:00,0.0183725721710171,0.0247893538326025,0.0247893538326025,0.0247893538326025
2020-07-14 05:00:00,0.0211819781115897,0.03500040993094444,0.03500040993094444,0.03500040993094444
2020-07-14 06:00:00,0.0315355259668993,0.03877842426300049,0.03877842426300049,0.03877842426300049
2020-07-14 07:00:00,0.040713743788169,0.03659050539135933,0.03659050539135933,0.03659050539135933
2020-07-14 08:00:00,0.0348756956976479,0.04321141168475151,0.04321141168475151,0.04321141168475151
2020-07-14 09:00:00,0.0423773458626597,0.041204288601875305,0.041204288601875305,0.041204288601875305
2020-07-14 10:00:00,0.0360184349715788,0.03625599294900894,0.03625599294900894,0.03625599294900894
2020-07-14 11:00:00,0.033616344763059,0.03063519112765789,0.03063519112765789,0.03063519112765789
2020-07-14 12:00:00,0.0321107754556154,0.028078613802790642,0.028078613802790642,0.028078613802790642
2020-07-14 13:00:00,0.0283335477328509,0.025709712877869606,0.025709712877869606,0.025709712877869606
2020-07-14 14:00:00,0.0317840427823646,0.030281875282526016,0.030281875282526016,0.030281875282526016
2020-07-14 15:00:00,0.026571130952878,0.030760738998651505,0.030760738998651505,0.030760738998651505
2020-07-14 16:00:00,0.034139377062696,0.03014574572443962,0.03014574572443962,0.03014574572443962
2020-07-14 17:00:00,0.0272224565245014,0.024651408195495605,0.024651408195495605,0.024651408195495605
2020-07-14 18:00:00,0.0238594202208634,0.025856927037239075,0.025856927037239075,0.025856927037239075
2020-07-14 19:00:00,0.0241505093297794,0.02470526285469532,0.02470526285469532,0.02470526285469532
2020-07-14 20:00:00,0.0206393294617942,0.022403080016374588,0.022403080016374588,0.022403080016374588
2020-07-14 21:00:00,0.0162870192312627,0.015404636040329933,0.015404636040329933,0.015404636040329933
2020-07-14 22:00:00,0.0121211776466108,0.009455915540456772,0.009455915540456772,0.009455915540456772
2020-07-14 23:00:00,0.0070518707159171,0.006100336089730263,0.006100336089730263,0.006100336089730263
2020-07-15 00:00:00,0.0044971677461201,0.004844555631279945,0.004844555631279945,0.004844555631279945
2020-07-15 01:00:00,0.0042281908479283,0.004790564998984337,0.004790564998984337,0.004790564998984337
2020-07-15 02:00:00,0.0222009631251667,0.006145615130662918,0.006145615130662918,0.006145615130662918
2020-07-15 03:00:00,0.0081287684056911,0.009469376876950264,0.009469376876950264,0.009469376876950264
2020-07-15 04:00:00,0.0330961776466047,0.02710782177746296,0.02710782177746296,0.02710782177746296
2020-07-15 05:00:00,0.0412445274815991,0.04621860384941101,0.04621860384941101,0.04621860384941101
2020-07-15 06:00:00,0.0428896658415771,0.039309535175561905,0.039309535175561905,0.039309535175561905
2020-07-15 07:00:00,0.0478216996699633,0.03891345113515854,0.03891345113515854,0.03891345113515854
2020-07-15 08:00:00,0.0338425330032983,0.0405740886926651,0.0405740886926651,0.0405740886926651
2020-07-15 09:00:00,0.0339811468651913,0.044976599514484406,0.044976599514484406,0.044976599514484406
2020-07-15 10:00:00,0.036289067656757,0.03535608947277069,0.03535608947277069,0.03535608947277069
2020-07-15 11:00:00,0.0310171204620569,0.035057179629802704,0.035057179629802704,0.035057179629802704
2020-07-15 12:00:00,0.0355984386900069,0.0358995646238327,0.0358995646238327,0.0358995646238327
2020-07-15 13:00:00,0.0315516447249242,0.03154749423265457,0.03154749423265457,0.03154749423265457
2020-07-15 14:00:00,0.0258313476952044,0.033290401101112366,0.033290401101112366,0.033290401101112366
2020-07-15 15:00:00,0.0293041199724408,0.031203189864754677,0.031203189864754677,0.031203189864754677
2020-07-15 16:00:00,0.0292730025749858,0.027369724586606026,0.027369724586606026,0.027369724586606026
2020-07-15 17:00:00,0.0309495702317514,0.024956855922937393,0.024956855922937393,0.024956855922937393
2020-07-15 18:00:00,0.025376437918516,0.02214956097304821,0.02214956097304821,0.02214956097304821
2020-07-15 19:00:00,0.0223863389086157,0.02296256087720394,0.02296256087720394,0.02296256087720394
2020-07-15 20:00:00,0.0222691771924429,0.017711859196424484,0.017711859196424484,0.017711859196424484
2020-07-15 21:00:00,0.014791410994768,0.016056228429079056,0.016056228429079056,0.016056228429079056
2020-07-15 22:00:00,0.0122270545591297,0.009344546124339104,0.009344546124339104,0.009344546124339104
2020-07-15 23:00:00,0.0080543765775417,0.007794328033924103,0.007794328033924103,0.007794328033924103
2020-07-16 00:00:00,0.0041261587557646,0.006623841822147369,0.006623841822147369,0.006623841822147369
2020-07-16 01:00:00,0.0052900963028631,0.00626252219080925,0.00626252219080925,0.00626252219080925
2020-07-16 02:00:00,0.0043329898779338,0.008273277431726456,0.008273277431726456,0.008273277431726456
2020-07-16 03:00:00,0.006738105389482,0.011190162040293217,0.011190162040293217,0.011190162040293217
2020-07-16 04:00:00,0.0124146730462537,0.028383774682879448,0.028383774682879448,0.028383774682879448
2020-07-16 05:00:00,0.0239762542043666,0.03876035660505295,0.03876035660505295,0.03876035660505295
2020-07-16 06:00:00,0.0293219637753272,0.040037598460912704,0.040037598460912704,0.040037598460912704
2020-07-16 07:00:00,0.0385359901779642,0.03851509839296341,0.03851509839296341,0.03851509839296341
2020-07-16 08:00:00,0.0396085974386868,0.044061414897441864,0.044061414897441864,0.044061414897441864
2020-07-16 09:00:00,0.035833373487725,0.042491279542446136,0.042491279542446136,0.042491279542446136
2020-07-16 10:00:00,0.0338876521298812,0.03919484093785286,0.03919484093785286,0.03919484093785286
2020-07-16 11:00:00,0.0343352593905945,0.03506524860858917,0.03506524860858917,0.03506524860858917
2020-07-16 12:00:00,0.0331471405787233,0.03593815863132477,0.03593815863132477,0.03593815863132477
2020-07-16 13:00:00,0.0319394898136385,0.030103402212262154,0.030103402212262154,0.030103402212262154
2020-07-16 14:00:00,0.0286989782624871,0.0267296452075243,0.0267296452075243,0.0267296452075243
2020-07-16 15:00:00,0.0310847043350996,0.03183569759130478,0.03183569759130478,0.03183569759130478
2020-07-16 16:00:00,0.030855044790184,0.035854775458574295,0.035854775458574295,0.035854775458574295
2020-07-16 17:00:00,0.0310042314945788,0.028131229802966118,0.028131229802966118,0.028131229802966118
2020-07-16 18:00:00,0.0278865747293969,0.027045072987675667,0.027045072987675667,0.027045072987675667
2020-07-16 19:00:00,0.0202430103724701,0.024829834699630737,0.024829834699630737,0.024829834699630737
2020-07-16 20:00:00,0.0197199080622342,0.019122013822197914,0.019122013822197914,0.019122013822197914
2020-07-16 21:00:00,0.0148498585577743,0.01720062643289566,0.01720062643289566,0.01720062643289566
2020-07-16 22:00:00,0.0125330268741176,0.010293800383806229,0.010293800383806229,0.010293800383806229
2020-07-16 23:00:00,0.0077490511551149,0.008238427340984344,0.008238427340984344,0.008238427340984344
2020-07-17 00:00:00,0.0050361798684866,0.0050116050988435745,0.0050116050988435745,0.0050116050988435745
2020-07-17 01:00:00,0.0048109323432314,0.004289226606488228,0.004289226606488228,0.004289226606488228
2020-07-17 02:00:00,0.006215222772278,0.005434386432170868,0.005434386432170868,0.005434386432170868
2020-07-17 03:00:00,0.0070559818481855,0.01184860710054636,0.01184860710054636,0.01184860710054636
2020-07-17 04:00:00,0.0154388201320139,0.025057421997189522,0.025057421997189522,0.025057421997189522
2020-07-17 05:00:00,0.0362787541254098,0.03016200102865696,0.03016200102865696,0.03016200102865696
2020-07-17 06:00:00,0.0281541666666629,0.037837736308574677,0.037837736308574677,0.037837736308574677
2020-07-17 07:00:00,0.050879537953803,0.04685176908969879,0.04685176908969879,0.04685176908969879
2020-07-17 08:00:00,0.0404126512651289,0.038935914635658264,0.038935914635658264,0.038935914635658264
2020-07-17 09:00:00,0.0425896314631387,0.035765036940574646,0.035765036940574646,0.035765036940574646
2020-07-17 10:00:00,0.0466544004400474,0.03767618164420128,0.03767618164420128,0.03767618164420128
2020-07-17 11:00:00,0.0318241513442067,0.03482314199209213,0.03482314199209213,0.03482314199209213
2020-07-17 12:00:00,0.0372886727963435,0.034068867564201355,0.034068867564201355,0.034068867564201355
2020-07-17 13:00:00,0.0285619401225796,0.028820445761084557,0.028820445761084557,0.028820445761084557
2020-07-17 14:00:00,0.025917138142381,0.025863146409392357,0.025863146409392357,0.025863146409392357
2020-07-17 15:00:00,0.0286258840169789,0.030093898996710777,0.030093898996710777,0.030093898996710777
2020-07-17 16:00:00,0.0303133427628445,0.03078591637313366,0.03078591637313366,0.03078591637313366
2020-07-17 17:00:00,0.0253278013520621,0.029247649013996124,0.029247649013996124,0.029247649013996124
2020-07-17 18:00:00,0.0267423463774946,0.02485894411802292,0.02485894411802292,0.02485894411802292
2020-07-17 19:00:00,0.021864499842842,0.020870359614491463,0.020870359614491463,0.020870359614491463
2020-07-17 20:00:00,0.0224967880721562,0.019368574023246765,0.019368574023246765,0.019368574023246765
2020-07-17 21:00:00,0.014876573550709,0.013842198066413403,0.013842198066413403,0.013842198066413403
2020-07-17 22:00:00,0.0102330091937769,0.010983338579535484,0.010983338579535484,0.010983338579535484
2020-07-17 23:00:00,0.0065506659599413,0.006788685917854309,0.006788685917854309,0.006788685917854309
2020-07-18 00:00:00,0.0044526461579783,0.008047141134738922,0.008047141134738922,0.008047141134738922
2020-07-18 01:00:00,0.0041824316360218,0.006918167695403099,0.006918167695403099,0.006918167695403099
2020-07-18 02:00:00,0.00360982437578,0.0065217409282922745,0.0065217409282922745,0.0065217409282922745
2020-07-18 03:00:00,0.0036946016035223,0.008523756638169289,0.008523756638169289,0.008523756638169289
2020-07-18 04:00:00,0.0102069778406411,0.012721196748316288,0.012721196748316288,0.012721196748316288
2020-07-18 05:00:00,0.0149545025936096,0.02120138145983219,0.02120138145983219,0.02120138145983219
2020-07-18 06:00:00,0.0250271098538403,0.03157976642251015,0.03157976642251015,0.03157976642251015
2020-07-18 07:00:00,0.0315907590764067,0.0321456678211689,0.0321456678211689,0.0321456678211689
2020-07-18 08:00:00,0.0269595709570923,0.030382651835680008,0.030382651835680008,0.030382651835680008
2020-07-18 09:00:00,0.029081270627056,0.03374035283923149,0.03374035283923149,0.03374035283923149
2020-07-18 10:00:00,0.027463733873392,0.03015814535319805,0.03015814535319805,0.03015814535319805
2020-07-18 11:00:00,0.0281889813981379,0.02635844424366951,0.02635844424366951,0.02635844424366951
2020-07-18 12:00:00,0.0250008625862605,0.027320291846990585,0.027320291846990585,0.027320291846990585
2020-07-18 13:00:00,0.0184732223222347,0.02522883377969265,0.02522883377969265,0.02522883377969265
2020-07-18 14:00:00,0.0274360936093557,0.02553425543010235,0.02553425543010235,0.02553425543010235
2020-07-18 15:00:00,0.0263832883288292,0.024183783680200577,0.024183783680200577,0.024183783680200577
2020-07-18 16:00:00,0.0275895589563943,0.02540474943816662,0.02540474943816662,0.02540474943816662
2020-07-18 17:00:00,0.0248370837083713,0.0243977177888155,0.0243977177888155,0.0243977177888155
2020-07-18 18:00:00,0.0258515226522664,0.022728729993104935,0.022728729993104935,0.022728729993104935
2020-07-18 19:00:00,0.0195594434443478,0.020971423014998436,0.020971423014998436,0.020971423014998436
2020-07-18 20:00:00,0.0157921167116623,0.020091447979211807,0.020091447979211807,0.020091447979211807
2020-07-18 21:00:00,0.0136274752480363,0.012655717320740223,0.012655717320740223,0.012655717320740223
2020-07-18 22:00:00,0.0098518151815038,0.01147003099322319,0.01147003099322319,0.01147003099322319
2020-07-18 23:00:00,0.0086216171617189,0.008242255076766014,0.008242255076766014,0.008242255076766014
2020-07-19 00:00:00,0.0058270627067688,0.006605995818972588,0.006605995818972588,0.006605995818972588
2020-07-19 01:00:00,0.0051359735973594,0.006578514352440834,0.006578514352440834,0.006578514352440834
2020-07-19 02:00:00,0.0058438943894354,0.007196180522441864,0.007196180522441864,0.007196180522441864
2020-07-19 03:00:00,0.0035176567661712,0.006909755989909172,0.006909755989909172,0.006909755989909172
2020-07-19 04:00:00,0.0061966996699694,0.011738752946257591,0.011738752946257591,0.011738752946257591
2020-07-19 05:00:00,0.014696522866571,0.018682466819882393,0.018682466819882393,0.018682466819882393
2020-07-19 06:00:00,0.0221235855728417,0.02436005510389805,0.02436005510389805,0.02436005510389805
2020-07-19 07:00:00,0.0222421224270239,0.02496824972331524,0.02496824972331524,0.02496824972331524
2020-07-19 08:00:00,0.0236484755618491,0.030070442706346512,0.030070442706346512,0.030070442706346512
2020-07-19 09:00:00,0.0246884095552344,0.030013836920261383,0.030013836920261383,0.030013836920261383
2020-07-19 10:00:00,0.0259813138456668,0.03561142086982727,0.03561142086982727,0.03561142086982727
2020-07-19 11:00:00,0.0287795811724054,0.03112710826098919,0.03112710826098919,0.03112710826098919
2020-07-19 12:00:00,0.0226178650007877,0.025609711185097694,0.025609711185097694,0.025609711185097694
2020-07-19 13:00:00,0.0237853567499574,0.024675270542502403,0.024675270542502403,0.024675270542502403
2020-07-19 14:00:00,0.0165696801823049,0.023504730314016342,0.023504730314016342,0.023504730314016342
2020-07-19 15:00:00,0.021211594373726,0.02771160379052162,0.02771160379052162,0.02771160379052162
2020-07-19 16:00:00,0.0218496581801031,0.026632530614733696,0.026632530614733696,0.026632530614733696
2020-07-19 17:00:00,0.0240980080155869,0.028313755989074707,0.028313755989074707,0.028313755989074707
2020-07-19 18:00:00,0.0227027934941219,0.025527089834213257,0.025527089834213257,0.025527089834213257
2020-07-19 19:00:00,0.0225614686468722,0.02454182505607605,0.02454182505607605,0.02454182505607605
2020-07-19 20:00:00,0.0186369636963747,0.01989009417593479,0.01989009417593479,0.01989009417593479
2020-07-19 21:00:00,0.0174752475257384,0.015628186985850334,0.015628186985850334,0.015628186985850334
2020-07-19 22:00:00,0.0114599245638772,0.011280915699899197,0.011280915699899197,0.011280915699899197
2020-07-19 23:00:00,0.0070845120231326,0.010401693172752857,0.010401693172752857,0.010401693172752857
2020-07-20 00:00:00,0.0073889674681682,0.0076501984149217606,0.0076501984149217606,0.0076501984149217606
2020-07-20 01:00:00,0.0036249410660289,0.006715446710586548,0.006715446710586548,0.006715446710586548
2020-07-20 02:00:00,0.021677058777317,0.007390815764665604,0.007390815764665604,0.007390815764665604
2020-07-20 03:00:00,0.0227084119126159,0.011861324310302734,0.011861324310302734,0.011861324310302734
2020-07-20 04:00:00,0.0322570917806112,0.022355705499649048,0.022355705499649048,0.022355705499649048
2020-07-20 05:00:00,0.0384795104510411,0.036818698048591614,0.036818698048591614,0.036818698048591614
2020-07-20 06:00:00,0.0435071507150687,0.038750555366277695,0.038750555366277695,0.038750555366277695
2020-07-20 07:00:00,0.050155253025297,0.038316983729600906,0.038316983729600906,0.038316983729600906
2020-07-20 08:00:00,0.0371931036858679,0.04702623933553696,0.04702623933553696,0.04702623933553696
2020-07-20 09:00:00,0.0388028396589656,0.041049323976039886,0.041049323976039886,0.041049323976039886
2020-07-20 10:00:00,0.0380082852035294,0.041018396615982056,0.041018396615982056,0.041018396615982056
2020-07-20 11:00:00,0.0277445121156863,0.037685491144657135,0.037685491144657135,0.037685491144657135
2020-07-20 12:00:00,0.0302238850529698,0.038202591240406036,0.038202591240406036,0.038202591240406036
2020-07-20 13:00:00,0.0311323008945635,0.03475649654865265,0.03475649654865265,0.03475649654865265
2020-07-20 14:00:00,0.032264217027356,0.034274376928806305,0.034274376928806305,0.034274376928806305
2020-07-20 15:00:00,0.0265521708227352,0.028263293206691742,0.028263293206691742,0.028263293206691742
2020-07-20 16:00:00,0.0300026658722383,0.032763078808784485,0.032763078808784485,0.032763078808784485
2020-07-20 17:00:00,0.0252996955757063,0.02898007072508335,0.02898007072508335,0.02898007072508335
2020-07-20 18:00:00,0.0243126611574762,0.02479386143386364,0.02479386143386364,0.02479386143386364
2020-07-20 19:00:00,0.0212458294743152,0.022716235369443893,0.022716235369443893,0.022716235369443893
2020-07-20 20:00:00,0.0220060054924031,0.020173247903585434,0.020173247903585434,0.020173247903585434
2020-07-20 21:00:00,0.0164185467460396,0.01510827150195837,0.01510827150195837,0.01510827150195837
2020-07-20 22:00:00,0.0082725071420814,0.009997612796723843,0.009997612796723843,0.009997612796723843
2020-07-20 23:00:00,0.0072403289242505,0.006752815097570419,0.006752815097570419,0.006752815097570419
2020-07-21 00:00:00,0.0050490129181571,0.005937039852142334,0.005937039852142334,0.005937039852142334
2020-07-21 01:00:00,0.0042674004707037,0.004882887005805969,0.004882887005805969,0.004882887005805969
2020-07-21 02:00:00,0.0042062264966424,0.008468439802527428,0.008468439802527428,0.008468439802527428
2020-07-21 03:00:00,0.0047829591694261,0.009168019518256187,0.009168019518256187,0.009168019518256187
2020-07-21 04:00:00,0.0176955004235439,0.02783598005771637,0.02783598005771637,0.02783598005771637
2020-07-21 05:00:00,0.0300983371357907,0.03519943729043007,0.03519943729043007,0.03519943729043007
2020-07-21 06:00:00,0.0349674889757893,0.04206030070781708,0.04206030070781708,0.04206030070781708
2020-07-21 07:00:00,0.036818246110322,0.04562678933143616,0.04562678933143616,0.04562678933143616
2020-07-21 08:00:00,0.0381103253182531,0.046361394226551056,0.046361394226551056,0.046361394226551056
2020-07-21 09:00:00,0.0379780174445956,0.04425828903913498,0.04425828903913498,0.04425828903913498
2020-07-21 10:00:00,0.0367082154644072,0.03828924149274826,0.03828924149274826,0.03828924149274826
2020-07-21 11:00:00,0.0372775223951023,0.03907662257552147,0.03907662257552147,0.03907662257552147
2020-07-21 12:00:00,0.0318995756718478,0.03268945962190628,0.03268945962190628,0.03268945962190628
2020-07-21 13:00:00,0.0345976072607203,0.03230997547507286,0.03230997547507286,0.03230997547507286
2020-07-21 14:00:00,0.0308389438943899,0.0310618057847023,0.0310618057847023,0.0310618057847023
2020-07-21 15:00:00,0.0269231023102304,0.029806289821863174,0.029806289821863174,0.029806289821863174
2020-07-21 16:00:00,0.0281035478552861,0.026828637346625328,0.026828637346625328,0.026828637346625328
2020-07-21 17:00:00,0.0311283003300272,0.02961961179971695,0.02961961179971695,0.02961961179971695
2020-07-21 18:00:00,0.0267854785478567,0.02340894751250744,0.02340894751250744,0.02340894751250744
2020-07-21 19:00:00,0.0211996699674915,0.02152647078037262,0.02152647078037262,0.02152647078037262
2020-07-21 20:00:00,0.0199224422447173,0.016025617718696594,0.016025617718696594,0.016025617718696594
2020-07-21 21:00:00,0.0153787128712856,0.012347079813480377,0.012347079813480377,0.012347079813480377
2020-07-21 22:00:00,0.0096105610561086,0.009563075378537178,0.009563075378537178,0.009563075378537178
2020-07-21 23:00:00,0.0069634488448848,0.004590883851051331,0.004590883851051331,0.004590883851051331
2020-07-22 00:00:00,0.0074543729377791,0.007616590708494186,0.007616590708494186,0.007616590708494186
2020-07-22 01:00:00,0.0041771452150249,0.004659807309508324,0.004659807309508324,0.004659807309508324
2020-07-22 02:00:00,0.0041117986798718,0.00732065737247467,0.00732065737247467,0.00732065737247467
2020-07-22 03:00:00,0.0112504125412547,0.009168325923383236,0.009168325923383236,0.009168325923383236
2020-07-22 04:00:00,0.0141083333333392,0.022332260385155678,0.022332260385155678,0.022332260385155678
2020-07-22 05:00:00,0.0362345709570907,0.03631434589624405,0.03631434589624405,0.03631434589624405
2020-07-22 06:00:00,0.0300010726077557,0.03458298742771149,0.03458298742771149,0.03458298742771149
2020-07-22 07:00:00,0.0367617986798743,0.04315550625324249,0.04315550625324249,0.04315550625324249
2020-07-22 08:00:00,0.0386479372937189,0.043384380638599396,0.043384380638599396,0.043384380638599396
2020-07-22 09:00:00,0.0387834158415829,0.04805921018123627,0.04805921018123627,0.04805921018123627
2020-07-22 10:00:00,0.0321538778877984,0.03823717683553696,0.03823717683553696,0.03823717683553696
2020-07-22 11:00:00,0.032580858085803,0.039689287543296814,0.039689287543296814,0.039689287543296814
2020-07-22 12:00:00,0.0326584158415885,0.03324373811483383,0.03324373811483383,0.03324373811483383
2020-07-22 13:00:00,0.0301955445544517,0.03449813276529312,0.03449813276529312,0.03449813276529312
2020-07-22 14:00:00,0.0243729372937274,0.03051794320344925,0.03051794320344925,0.03051794320344925
2020-07-22 15:00:00,0.0265998349834937,0.030901972204446793,0.030901972204446793,0.030901972204446793
2020-07-22 16:00:00,0.029560231023105,0.03155781328678131,0.03155781328678131,0.03155781328678131
2020-07-22 17:00:00,0.0295074257425718,0.02502298541367054,0.02502298541367054,0.02502298541367054
2020-07-22 18:00:00,0.028532767562474,0.02286621369421482,0.02286621369421482,0.02286621369421482
2020-07-22 19:00:00,0.0210038896751764,0.02106235735118389,0.02106235735118389,0.02106235735118389
2020-07-22 20:00:00,0.016805044790198,0.01763693243265152,0.01763693243265152,0.01763693243265152
2020-07-22 21:00:00,0.013312470532754,0.012566342018544674,0.012566342018544674,0.012566342018544674
2020-07-22 22:00:00,0.0095014144271626,0.010455251671373844,0.010455251671373844,0.010455251671373844
2020-07-22 23:00:00,0.0061025695431675,0.004013128578662872,0.004013128578662872,0.004013128578662872
2020-07-23 00:00:00,0.0036916784535649,0.00639183446764946,0.00639183446764946,0.00639183446764946
2020-07-23 01:00:00,0.0037218646864639,0.0046830326318740845,0.0046830326318740845,0.0046830326318740845
2020-07-23 02:00:00,0.0045213696369621,0.005691956728696823,0.005691956728696823,0.005691956728696823
2020-07-23 03:00:00,0.0054751650165069,0.00755627267062664,0.00755627267062664,0.00755627267062664
2020-07-23 04:00:00,0.0163509075907561,0.019075244665145874,0.019075244665145874,0.019075244665145874
2020-07-23 05:00:00,0.0316293729373043,0.03170221298933029,0.03170221298933029,0.03170221298933029
2020-07-23 06:00:00,0.0283910891089043,0.03458447754383087,0.03458447754383087,0.03458447754383087
2020-07-23 07:00:00,0.0385508250825021,0.032198283821344376,0.032198283821344376,0.032198283821344376
2020-07-23 08:00:00,0.0365310231023193,0.03802334517240524,0.03802334517240524,0.03802334517240524
2020-07-23 09:00:00,0.0381093309330859,0.04523894563317299,0.04523894563317299,0.04523894563317299
2020-07-23 10:00:00,0.0289905190519021,0.037761375308036804,0.037761375308036804,0.037761375308036804
2020-07-23 11:00:00,0.0382266105182051,0.03868755325675011,0.03868755325675011,0.03868755325675011
2020-07-23 12:00:00,0.0296571032103134,0.029978632926940918,0.029978632926940918,0.029978632926940918
2020-07-23 13:00:00,0.0319104035408423,0.026142416521906853,0.026142416521906853,0.026142416521906853
2020-07-23 14:00:00,0.0244623837383758,0.029579879716038704,0.029579879716038704,0.029579879716038704
2020-07-23 15:00:00,0.0267643639363973,0.03045041486620903,0.03045041486620903,0.03045041486620903
2020-07-23 16:00:00,0.0298101560160959,0.029355797916650772,0.029355797916650772,0.029355797916650772
2020-07-23 17:00:00,0.0308423342334172,0.02672554738819599,0.02672554738819599,0.02672554738819599
2020-07-23 18:00:00,0.025982480391398,0.02360435575246811,0.02360435575246811,0.02360435575246811
2020-07-23 19:00:00,0.0207400240024001,0.021969499066472054,0.021969499066472054,0.021969499066472054
2020-07-23 20:00:00,0.0233844134413418,0.022409016266465187,0.022409016266465187,0.022409016266465187
2020-07-23 21:00:00,0.0144552055210496,0.016387976706027985,0.016387976706027985,0.016387976706027985
2020-07-23 22:00:00,0.0116524002400198,0.007538504898548126,0.007538504898548126,0.007538504898548126
2020-07-23 23:00:00,0.00722583258326,0.006115349009633064,0.006115349009633064,0.006115349009633064
2020-07-24 00:00:00,0.0054824332438192,0.00555741973221302,0.00555741973221302,0.00555741973221302
2020-07-24 01:00:00,0.0044543804380413,0.00517752580344677,0.00517752580344677,0.00517752580344677
2020-07-24 02:00:00,0.0050642814281406,0.0050925761461257935,0.0050925761461257935,0.0050925761461257935
2020-07-24 03:00:00,0.0048646114611526,0.008026788011193275,0.008026788011193275,0.008026788011193275
2020-07-24 04:00:00,0.0114850735073566,0.026217583566904068,0.026217583566904068,0.026217583566904068
2020-07-24 05:00:00,0.0208749249924962,0.03627917543053627,0.03627917543053627,0.03627917543053627
2020-07-24 06:00:00,0.0388584233423356,0.032773833721876144,0.032773833721876144,0.032773833721876144
2020-07-24 07:00:00,0.040527109853842,0.03693826124072075,0.03693826124072075,0.03693826124072075
2020-07-24 08:00:00,0.041800624705322,0.041901007294654846,0.041901007294654846,0.041901007294654846
2020-07-24 09:00:00,0.0362729844412984,0.04024243354797363,0.04024243354797363,0.04024243354797363
2020-07-24 10:00:00,0.0426851131541779,0.0458541214466095,0.0458541214466095,0.0458541214466095
2020-07-24 11:00:00,0.0403719943422953,0.03819925710558891,0.03819925710558891,0.03819925710558891
2020-07-24 12:00:00,0.0287197501178638,0.03609941899776459,0.03609941899776459,0.03609941899776459
2020-07-24 13:00:00,0.0293303111744746,0.02500842697918415,0.02500842697918415,0.02500842697918415
2020-07-24 14:00:00,0.0237825742574181,0.03125014901161194,0.03125014901161194,0.03125014901161194
2020-07-24 15:00:00,0.0284005610561124,0.03262999653816223,0.03262999653816223,0.03262999653816223
2020-07-24 16:00:00,0.0288560066006612,0.0296684131026268,0.0296684131026268,0.0296684131026268
2020-07-24 17:00:00,0.0263485808580827,0.02987436018884182,0.02987436018884182,0.02987436018884182
2020-07-24 18:00:00,0.0307462706270591,0.0256155114620924,0.0256155114620924,0.0256155114620924
2020-07-24 19:00:00,0.0223728618581106,0.023686205968260765,0.023686205968260765,0.023686205968260765
2020-07-24 20:00:00,0.0206005846298904,0.021656854078173637,0.021656854078173637,0.021656854078173637
2020-07-24 21:00:00,0.0154290499774124,0.016653141006827354,0.016653141006827354,0.016653141006827354
2020-07-24 22:00:00,0.010467828854816,0.009844115003943443,0.009844115003943443,0.009844115003943443
2020-07-24 23:00:00,0.0090086704384719,0.007887516170740128,0.007887516170740128,0.007887516170740128
2020-07-25 00:00:00,0.0053618057525021,0.007313966751098633,0.007313966751098633,0.007313966751098633
2020-07-25 01:00:00,0.0040177463470444,0.006495954468846321,0.006495954468846321,0.006495954468846321
2020-07-25 02:00:00,0.0037177463460713,0.005078308284282684,0.005078308284282684,0.005078308284282684
2020-07-25 03:00:00,0.0047375483262559,0.005319572985172272,0.005319572985172272,0.005319572985172272
2020-07-25 04:00:00,0.008051904762404,0.006948729977011681,0.006948729977011681,0.006948729977011681
2020-07-25 05:00:00,0.0145741819901232,0.011240174062550068,0.011240174062550068,0.011240174062550068
2020-07-25 06:00:00,0.0244825978312119,0.020415984094142914,0.020415984094142914,0.020415984094142914
2020-07-25 07:00:00,0.0306570202734546,0.025333940982818604,0.025333940982818604,0.025333940982818604
2020-07-25 08:00:00,0.0361017397454007,0.02717037871479988,0.02717037871479988,0.02717037871479988
2020-07-25 09:00:00,0.0320395049509932,0.026687582954764366,0.026687582954764366,0.026687582954764366
2020-07-25 10:00:00,0.0283028712871338,0.026620367541909218,0.026620367541909218,0.026620367541909218
2020-07-25 11:00:00,0.0274769636963573,0.02505122683942318,0.02505122683942318,0.02505122683942318
2020-07-25 12:00:00,0.0210569966996785,0.020981963723897934,0.020981963723897934,0.020981963723897934
2020-07-25 13:00:00,0.0278779702970271,0.021333396434783936,0.021333396434783936,0.021333396434783936
2020-07-25 14:00:00,0.0235748899890033,0.022249551489949226,0.022249551489949226,0.022249551489949226
2020-07-25 15:00:00,0.02226655665566,0.021533196792006493,0.021533196792006493,0.021533196792006493
2020-07-25 16:00:00,0.0291482398239832,0.025506190955638885,0.025506190955638885,0.025506190955638885
2020-07-25 17:00:00,0.0257476033317703,0.022704478353261948,0.022704478353261948,0.022704478353261948
2020-07-25 18:00:00,0.0229558541568313,0.019225208088755608,0.019225208088755608,0.019225208088755608
2020-07-25 19:00:00,0.0162318442558604,0.019486743956804276,0.019486743956804276,0.019486743956804276
2020-07-25 20:00:00,0.0192516462360504,0.020565170794725418,0.020565170794725418,0.020565170794725418
2020-07-25 21:00:00,0.0130065967311048,0.016917891800403595,0.016917891800403595,0.016917891800403595
2020-07-25 22:00:00,0.0099273888108002,0.012083049863576889,0.012083049863576889,0.012083049863576889
2020-07-25 23:00:00,0.0072049740688372,0.009854471310973167,0.009854471310973167,0.009854471310973167
2020-07-26 00:00:00,0.0052314945785304,0.007439618930220604,0.007439618930220604,0.007439618930220604
2020-07-26 01:00:00,0.0034526166902388,0.006484834477305412,0.006484834477305412,0.006484834477305412
2020-07-26 02:00:00,0.0041402404531052,0.006779750809073448,0.006779750809073448,0.006779750809073448
2020-07-26 03:00:00,0.0052458510136734,0.007307542487978935,0.007307542487978935,0.007307542487978935
2020-07-26 04:00:00,0.00876458038661,0.008862348273396492,0.008862348273396492,0.008862348273396492
2020-07-26 05:00:00,0.0131472536544383,0.013052402064204216,0.013052402064204216,0.013052402064204216
2020-07-26 06:00:00,0.0230045143799964,0.017138322815299034,0.017138322815299034,0.017138322815299034
2020-07-26 07:00:00,0.0250713460636804,0.022925399243831635,0.022925399243831635,0.022925399243831635
2020-07-26 08:00:00,0.03175492692126,0.025005534291267395,0.025005534291267395,0.025005534291267395
2020-07-26 09:00:00,0.0303294318717652,0.02781909704208374,0.02781909704208374,0.02781909704208374
2020-07-26 10:00:00,0.0281291018387509,0.02458353340625763,0.02458353340625763,0.02458353340625763
2020-07-26 11:00:00,0.0222743163607017,0.02521560713648796,0.02521560713648796,0.02521560713648796
2020-07-26 12:00:00,0.0299261315417293,0.023270804435014725,0.023270804435014725,0.023270804435014725
2020-07-26 13:00:00,0.0239666430928802,0.025049079209566116,0.025049079209566116,0.025049079209566116
2020-07-26 14:00:00,0.0200845709570926,0.021387090906500816,0.021387090906500816,0.021387090906500816
2020-07-26 15:00:00,0.0225441419141885,0.020585546270012856,0.020585546270012856,0.020585546270012856
2020-07-26 16:00:00,0.025037953795886,0.024724964052438736,0.024724964052438736,0.024724964052438736
2020-07-26 17:00:00,0.0257593705799134,0.023141460493206978,0.023141460493206978,0.023141460493206978
2020-07-26 18:00:00,0.0263806577086201,0.024329116567969322,0.024329116567969322,0.024329116567969322
2020-07-26 19:00:00,0.0237350895803928,0.022940073162317276,0.022940073162317276,0.022940073162317276
2020-07-26 20:00:00,0.0213098246859669,0.021342238411307335,0.021342238411307335,0.021342238411307335
2020-07-26 21:00:00,0.0167566068641902,0.014427480287849903,0.014427480287849903,0.014427480287849903
2020-07-26 22:00:00,0.0127112273257423,0.014413473196327686,0.014413473196327686,0.014413473196327686
2020-07-26 23:00:00,0.0064273989428992,0.010232077911496162,0.010232077911496162,0.010232077911496162
2020-07-27 00:00:00,0.0053780118613404,0.007123695686459541,0.007123695686459541,0.007123695686459541
2020-07-27 01:00:00,0.0060735564162907,0.007177203893661499,0.007177203893661499,0.007177203893661499
2020-07-27 02:00:00,0.0068560882403986,0.006177585572004318,0.006177585572004318,0.006177585572004318
2020-07-27 03:00:00,0.0081019628278606,0.007810361683368683,0.007810361683368683,0.007810361683368683
2020-07-27 04:00:00,0.0184460222337995,0.01969345286488533,0.01969345286488533,0.01969345286488533
2020-07-27 05:00:00,0.0289311707486527,0.030903778970241547,0.030903778970241547,0.030903778970241547
2020-07-27 06:00:00,0.0354980024318266,0.035317834466695786,0.035317834466695786,0.035317834466695786
2020-07-27 07:00:00,0.0320795355856331,0.033485304564237595,0.033485304564237595,0.033485304564237595
2020-07-27 08:00:00,0.0382634936237891,0.03986799344420433,0.03986799344420433,0.03986799344420433
2020-07-27 09:00:00,0.0360951767921221,0.04063836485147476,0.04063836485147476,0.04063836485147476
2020-07-27 10:00:00,0.0348979820726494,0.032564178109169006,0.032564178109169006,0.032564178109169006
2020-07-27 11:00:00,0.0281479820726348,0.0308946892619133,0.0308946892619133,0.0308946892619133
2020-07-27 12:00:00,0.032646331907632,0.028177279978990555,0.028177279978990555,0.028177279978990555
2020-07-27 13:00:00,0.0276215794323784,0.03227786347270012,0.03227786347270012,0.03227786347270012
2020-07-27 14:00:00,0.025699962270665,0.031942956149578094,0.031942956149578094,0.031942956149578094
2020-07-27 15:00:00,0.0327331214371432,0.03245951980352402,0.03245951980352402,0.03245951980352402
2020-07-27 16:00:00,0.0285499531203081,0.027867143973708153,0.027867143973708153,0.027867143973708153
2020-07-27 17:00:00,0.0301052336488618,0.027207741513848305,0.027207741513848305,0.027207741513848305
2020-07-27 18:00:00,0.0257112417496673,0.022383563220500946,0.022383563220500946,0.022383563220500946
2020-07-27 19:00:00,0.0220462252475283,0.024998512119054794,0.024998512119054794,0.024998512119054794
2020-07-27 20:00:00,0.0207570338283881,0.02077796868979931,0.02077796868979931,0.02077796868979931
2020-07-27 21:00:00,0.0121299076547227,0.01645476557314396,0.01645476557314396,0.01645476557314396
2020-07-27 22:00:00,0.0118904274562038,0.012593613937497139,0.012593613937497139,0.012593613937497139
2020-07-27 23:00:00,0.0071549489083513,0.008618071675300598,0.008618071675300598,0.008618071675300598
2020-07-28 00:00:00,0.0051648498989487,0.0071991682052612305,0.0071991682052612305,0.0071991682052612305
2020-07-28 01:00:00,0.0036532987433317,0.007271911948919296,0.007271911948919296,0.007271911948919296
2020-07-28 02:00:00,0.0220155099644614,0.00682138092815876,0.00682138092815876,0.00682138092815876
2020-07-28 03:00:00,0.0202605594694043,0.008607471361756325,0.008607471361756325,0.008607471361756325
2020-07-28 04:00:00,0.0206343218456431,0.019621461629867554,0.019621461629867554,0.019621461629867554
2020-07-28 05:00:00,0.0323298664001118,0.0332365520298481,0.0332365520298481,0.0332365520298481
2020-07-28 06:00:00,0.0365788350469609,0.045764051377773285,0.045764051377773285,0.045764051377773285
2020-07-28 07:00:00,0.0423093424727137,0.04205074906349182,0.04205074906349182,0.04205074906349182
2020-07-28 08:00:00,0.0405989464331,0.0372387133538723,0.0372387133538723,0.0372387133538723
2020-07-28 09:00:00,0.0367231213506028,0.037232086062431335,0.037232086062431335,0.037232086062431335
2020-07-28 10:00:00,0.037973844884487,0.03458119556307793,0.03458119556307793,0.03458119556307793
2020-07-28 11:00:00,0.0322003300329968,0.031648438423871994,0.031648438423871994,0.031648438423871994
2020-07-28 12:00:00,0.0401838283828409,0.02984982542693615,0.02984982542693615,0.02984982542693615
2020-07-28 13:00:00,0.0277667491749226,0.028215806931257248,0.028215806931257248,0.028215806931257248
2020-07-28 14:00:00,0.0281405115511464,0.029356699436903,0.029356699436903,0.029356699436903
2020-07-28 15:00:00,0.0267483498349905,0.028685973957180977,0.028685973957180977,0.028685973957180977
2020-07-28 16:00:00,0.0262803630363049,0.029769817367196083,0.029769817367196083,0.029769817367196083
2020-07-28 17:00:00,0.0253979372937209,0.02889269031584263,0.02889269031584263,0.02889269031584263
2020-07-28 18:00:00,0.0245505775577549,0.025024186819791794,0.025024186819791794,0.025024186819791794
2020-07-28 19:00:00,0.0250727079026606,0.026022203266620636,0.026022203266620636,0.026022203266620636
2020-07-28 20:00:00,0.019469160047871,0.018871163949370384,0.018871163949370384,0.018871163949370384
2020-07-28 21:00:00,0.0177700676386343,0.013477387838065624,0.013477387838065624,0.013477387838065624
2020-07-28 22:00:00,0.0119920148333468,0.009226108901202679,0.009226108901202679,0.009226108901202679
2020-07-28 23:00:00,0.00776264189655,0.007012862712144852,0.007012862712144852,0.007012862712144852
2020-07-29 00:00:00,0.0073399521275761,0.0051344092935323715,0.0051344092935323715,0.0051344092935323715
2020-07-29 01:00:00,0.0056922623581141,0.00439118780195713,0.00439118780195713,0.00439118780195713
2020-07-29 02:00:00,0.0064185707032149,0.004890045151114464,0.004890045151114464,0.004890045151114464
2020-07-29 03:00:00,0.006407019548105,0.006999427452683449,0.006999427452683449,0.006999427452683449
2020-07-29 04:00:00,0.0156009139375627,0.01838228665292263,0.01838228665292263,0.01838228665292263
2020-07-29 05:00:00,0.0266182406702114,0.02855987846851349,0.02855987846851349,0.02855987846851349
2020-07-29 06:00:00,0.0345786367098258,0.033881038427352905,0.033881038427352905,0.033881038427352905
2020-07-29 07:00:00,0.040048108657021,0.03412548080086708,0.03412548080086708,0.03412548080086708
2020-07-29 08:00:00,0.0416831683168253,0.03677121922373772,0.03677121922373772,0.03677121922373772
2020-07-29 09:00:00,0.0333993399339983,0.033670369535684586,0.033670369535684586,0.033670369535684586
2020-07-29 10:00:00,0.0414884488453859,0.031131446361541748,0.031131446361541748,0.031131446361541748
2020-07-29 11:00:00,0.0321662541258979,0.033337075263261795,0.033337075263261795,0.033337075263261795
2020-07-29 12:00:00,0.0319146039604086,0.03319403529167175,0.03319403529167175,0.03319403529167175
2020-07-29 13:00:00,0.0374467821782213,0.030795417726039886,0.030795417726039886,0.030795417726039886
2020-07-29 14:00:00,0.0239954620461933,0.03250831738114357,0.03250831738114357,0.03250831738114357
2020-07-29 15:00:00,0.0282293729377888,0.028704896569252014,0.028704896569252014,0.028704896569252014
2020-07-29 16:00:00,0.0261150990099033,0.031032584607601166,0.031032584607601166,0.031032584607601166
2020-07-29 17:00:00,0.0297231848184775,0.030413683503866196,0.030413683503866196,0.030413683503866196
2020-07-29 18:00:00,0.0236646039613907,0.0261240154504776,0.0261240154504776,0.0261240154504776
2020-07-29 19:00:00,0.0201682343234316,0.023976506665349007,0.023976506665349007,0.023976506665349007
2020-07-29 20:00:00,0.0180114686468674,0.017978472635149956,0.017978472635149956,0.017978472635149956
2020-07-29 21:00:00,0.0141756600664983,0.015158789232373238,0.015158789232373238,0.015158789232373238
2020-07-29 22:00:00,0.0082383663366379,0.01141496654599905,0.01141496654599905,0.01141496654599905
2020-07-29 23:00:00,0.004694636964193,0.006122397258877754,0.006122397258877754,0.006122397258877754
2020-07-30 00:00:00,0.0036591584163363,0.006046883761882782,0.006046883761882782,0.006046883761882782
2020-07-30 01:00:00,0.0031764851485136,0.00524468719959259,0.00524468719959259,0.00524468719959259
2020-07-30 02:00:00,0.0034646039603971,0.005768904462456703,0.005768904462456703,0.005768904462456703
2020-07-30 03:00:00,0.0073210396039655,0.00743134506046772,0.00743134506046772,0.00743134506046772
2020-07-30 04:00:00,0.0127768976897613,0.01575680449604988,0.01575680449604988,0.01575680449604988
2020-07-30 05:00:00,0.0283764026402612,0.024934161454439163,0.024934161454439163,0.024934161454439163
2020-07-30 06:00:00,0.0289935643564348,0.030829664319753647,0.030829664319753647,0.030829664319753647
2020-07-30 07:00:00,0.03470132013201,0.035626932978630066,0.035626932978630066,0.035626932978630066
2020-07-30 08:00:00,0.0421707920792139,0.03438396751880646,0.03438396751880646,0.03438396751880646
2020-07-30 09:00:00,0.0397112211221089,0.03420893847942352,0.03420893847942352,0.03420893847942352
2020-07-30 10:00:00,0.0374651815181484,0.03631407767534256,0.03631407767534256,0.03631407767534256
2020-07-30 11:00:00,0.0302110561056182,0.0314876064658165,0.0314876064658165,0.0314876064658165
2020-07-30 12:00:00,0.0350707920792082,0.03264148533344269,0.03264148533344269,0.03264148533344269
2020-07-30 13:00:00,0.0293719471947172,0.02984798327088356,0.02984798327088356,0.02984798327088356
2020-07-30 14:00:00,0.030925165016502,0.03051006607711315,0.03051006607711315,0.03051006607711315
2020-07-30 15:00:00,0.0303956270627036,0.028914865106344223,0.028914865106344223,0.028914865106344223
2020-07-30 16:00:00,0.0280099009905944,0.02898573875427246,0.02898573875427246,0.02898573875427246
2020-07-30 17:00:00,0.0313424092409279,0.024151165038347244,0.024151165038347244,0.024151165038347244
2020-07-30 18:00:00,0.0308589108915859,0.025983145460486412,0.025983145460486412,0.025983145460486412
2020-07-30 19:00:00,0.020433993399338,0.022375956177711487,0.022375956177711487,0.022375956177711487
2020-07-30 20:00:00,0.0204067656765639,0.017575129866600037,0.017575129866600037,0.017575129866600037
2020-07-30 21:00:00,0.0143151815181516,0.013342492282390594,0.013342492282390594,0.013342492282390594
2020-07-30 22:00:00,0.0074018151815198,0.009732123464345932,0.009732123464345932,0.009732123464345932
2020-07-30 23:00:00,0.0050214521452113,0.005000976845622063,0.005000976845622063,0.005000976845622063
2020-07-31 00:00:00,0.0045165016506664,0.004258828237652779,0.004258828237652779,0.004258828237652779
2020-07-31 01:00:00,0.0040709570957118,0.003371400758624077,0.003371400758624077,0.003371400758624077
2020-07-31 02:00:00,0.0042219471947256,0.005035074427723885,0.005035074427723885,0.005035074427723885
2020-07-31 03:00:00,0.0068094059405898,0.006976930424571037,0.006976930424571037,0.006976930424571037
2020-07-31 04:00:00,0.0161559405940526,0.02616100013256073,0.02616100013256073,0.02616100013256073
2020-07-31 05:00:00,0.0281146864686514,0.0342320092022419,0.0342320092022419,0.0342320092022419
2020-07-31 06:00:00,0.0333803630363057,0.04284761846065521,0.04284761846065521,0.04284761846065521
2020-07-31 07:00:00,0.0441031353135185,0.04364237189292908,0.04364237189292908,0.04364237189292908
2020-07-31 08:00:00,0.0358444719476951,0.04183396324515343,0.04183396324515343,0.04183396324515343
2020-07-31 09:00:00,0.0397792904290438,0.04227292537689209,0.04227292537689209,0.04227292537689209
2020-07-31 10:00:00,0.0350771452145247,0.03727370873093605,0.03727370873093605,0.03727370873093605
2020-07-31 11:00:00,0.0387442244229399,0.034431397914886475,0.034431397914886475,0.034431397914886475
2020-07-31 12:00:00,0.0254661716171464,0.03760898858308792,0.03760898858308792,0.03760898858308792
2020-07-31 13:00:00,0.0289096534658436,0.03168533742427826,0.03168533742427826,0.03168533742427826
2020-07-31 14:00:00,0.0267764026402672,0.029283912852406502,0.029283912852406502,0.029283912852406502
2020-07-31 15:00:00,0.0254760726072645,0.026360470801591873,0.026360470801591873,0.026360470801591873
2020-07-31 16:00:00,0.0328787128717827,0.02953174337744713,0.02953174337744713,0.02953174337744713
2020-07-31 17:00:00,0.0230602310230962,0.02766820602118969,0.02766820602118969,0.02766820602118969
2020-07-31 18:00:00,0.0268151815181514,0.028220662847161293,0.028220662847161293,0.028220662847161293
2020-07-31 19:00:00,0.0200082508250866,0.0217030830681324,0.0217030830681324,0.0217030830681324
2020-07-31 20:00:00,0.0226031353135266,0.01906260848045349,0.01906260848045349,0.01906260848045349
2020-07-31 21:00:00,0.0158737623767363,0.017052698880434036,0.017052698880434036,0.017052698880434036
2020-07-31 22:00:00,0.0104389438953779,0.010229661129415035,0.010229661129415035,0.010229661129415035
2020-07-31 23:00:00,0.0012797029970257,0.005618499591946602,0.005618499591946602,0.005618499591946602
2020-08-01 00:00:00,0.015234942244717,0.004643149673938751,0.004643149673938751,0.004643149673938751
2020-08-01 01:00:00,0.0052240983026949,0.0035534407943487167,0.0035534407943487167,0.0035534407943487167
2020-08-01 02:00:00,0.0047265735502091,0.0044443365186452866,0.0044443365186452866,0.0044443365186452866
2020-08-01 03:00:00,0.0045648573790972,0.004310503602027893,0.004310503602027893,0.004310503602027893
2020-08-01 04:00:00,0.0094972006129107,0.007569007575511932,0.007569007575511932,0.007569007575511932
2020-08-01 05:00:00,0.0184674976426167,0.013351970352232456,0.013351970352232456,0.013351970352232456
2020-08-01 06:00:00,0.0257843293257987,0.022359877824783325,0.022359877824783325,0.022359877824783325
2020-08-01 07:00:00,0.0301886197548261,0.02877996861934662,0.02877996861934662,0.02877996861934662
2020-08-01 08:00:00,0.0295275577557773,0.031448058784008026,0.031448058784008026,0.031448058784008026
2020-08-01 09:00:00,0.0282514089870513,0.03175368905067444,0.03175368905067444,0.03175368905067444
2020-08-01 10:00:00,0.0271470360497638,0.031669970601797104,0.031669970601797104,0.031669970601797104
2020-08-01 11:00:00,0.0268834221883689,0.02682020142674446,0.02682020142674446,0.02682020142674446
2020-08-01 12:00:00,0.0200612274689043,0.026033522561192513,0.026033522561192513,0.026033522561192513
2020-08-01 13:00:00,0.02096056740289,0.025484217330813408,0.025484217330813408,0.025484217330813408
2020-08-01 14:00:00,0.0206536367098253,0.021452292799949646,0.021452292799949646,0.021452292799949646
2020-08-01 15:00:00,0.025254709317583,0.022915372624993324,0.022915372624993324,0.022915372624993324
2020-08-01 16:00:00,0.0232299371970173,0.024484878405928612,0.024484878405928612,0.024484878405928612
2020-08-01 17:00:00,0.0285913233356305,0.022160062566399574,0.022160062566399574,0.022160062566399574
2020-08-01 18:00:00,0.0204518843922276,0.02362215146422386,0.02362215146422386,0.02362215146422386
2020-08-01 19:00:00,0.0188289470980129,0.01807921938598156,0.01807921938598156,0.01807921938598156
2020-08-01 20:00:00,0.0200003285223558,0.01788695529103279,0.01788695529103279,0.01788695529103279
2020-08-01 21:00:00,0.0164351470042028,0.015757795423269272,0.015757795423269272,0.015757795423269272
2020-08-01 22:00:00,0.0101300251458682,0.011336884461343288,0.011336884461343288,0.011336884461343288
2020-08-01 23:00:00,0.0077049691576278,0.006803050637245178,0.006803050637245178,0.006803050637245178
2020-08-02 00:00:00,0.0049178404447641,0.00722120888531208,0.00722120888531208,0.00722120888531208
2020-08-02 01:00:00,0.0038692980905186,0.005503807216882706,0.005503807216882706,0.005503807216882706
2020-08-02 02:00:00,0.0042275017680343,0.006299186497926712,0.006299186497926712,0.006299186497926712
2020-08-02 03:00:00,0.004438958628008,0.006139686331152916,0.006139686331152916,0.006139686331152916
2020-08-02 04:00:00,0.0067488596185995,0.006937522441148758,0.006937522441148758,0.006937522441148758
2020-08-02 05:00:00,0.0143352457567101,0.011362496763467789,0.011362496763467789,0.011362496763467789
2020-08-02 06:00:00,0.0193157188045288,0.022278187796473503,0.022278187796473503,0.022278187796473503
2020-08-02 07:00:00,0.0232365108832263,0.027180537581443787,0.027180537581443787,0.027180537581443787
2020-08-02 08:00:00,0.0268058178139292,0.025865787640213966,0.025865787640213966,0.025865787640213966
2020-08-02 09:00:00,0.0277478616611631,0.028992991894483566,0.028992991894483566,0.028992991894483566
2020-08-02 10:00:00,0.0273854854240313,0.02638384886085987,0.02638384886085987,0.02638384886085987
2020-08-02 11:00:00,0.0273835877337774,0.0250264722853899,0.0250264722853899,0.0250264722853899
2020-08-02 12:00:00,0.0272854029157875,0.022699981927871704,0.022699981927871704,0.022699981927871704
2020-08-02 13:00:00,0.0234735217271778,0.0227754395455122,0.0227754395455122,0.0227754395455122
2020-08-02 14:00:00,0.0247746768426833,0.021505849435925484,0.021505849435925484,0.021505849435925484
2020-08-02 15:00:00,0.0269032178222726,0.02396402880549431,0.02396402880549431,0.02396402880549431
2020-08-02 16:00:00,0.0287950495049506,0.026695309206843376,0.026695309206843376,0.026695309206843376
2020-08-02 17:00:00,0.0213847359740913,0.027872702106833458,0.027872702106833458,0.027872702106833458
2020-08-02 18:00:00,0.0255072607265664,0.022274142131209373,0.022274142131209373,0.022274142131209373
2020-08-02 19:00:00,0.0245435643564424,0.02306380867958069,0.02306380867958069,0.02306380867958069
2020-08-02 20:00:00,0.0188471947194658,0.022662511095404625,0.022662511095404625,0.022662511095404625
2020-08-02 21:00:00,0.0146066006610556,0.015329348854720592,0.015329348854720592,0.015329348854720592
2020-08-02 22:00:00,0.0098171617166695,0.01271248608827591,0.01271248608827591,0.01271248608827591
2020-08-02 23:00:00,0.0059023809528726,0.009542225860059261,0.009542225860059261,0.009542225860059261
2020-08-03 00:00:00,0.0047489156063492,0.005766758695244789,0.005766758695244789,0.005766758695244789
2020-08-03 01:00:00,0.0035277934941294,0.0055045560002326965,0.0055045560002326965,0.0055045560002326965
2020-08-03 02:00:00,0.0047654172560088,0.007141105830669403,0.007141105830669403,0.007141105830669403
2020-08-03 03:00:00,0.0069733634352447,0.00972894299775362,0.00972894299775362,0.00972894299775362
2020-08-03 04:00:00,0.015666432742672,0.015019095502793789,0.015019095502793789,0.015019095502793789
2020-08-03 05:00:00,0.0284131324121475,0.03088907152414322,0.03088907152414322,0.03088907152414322
2020-08-03 06:00:00,0.0337932597110835,0.032173242419958115,0.032173242419958115,0.032173242419958115
2020-08-03 07:00:00,0.0437247778623964,0.03911031037569046,0.03911031037569046,0.03911031037569046
2020-08-03 08:00:00,0.0321311722518404,0.04063482955098152,0.04063482955098152,0.04063482955098152
2020-08-03 09:00:00,0.0377592250571261,0.037224628031253815,0.037224628031253815,0.037224628031253815
2020-08-03 10:00:00,0.0362740765422593,0.03625419735908508,0.03625419735908508,0.03625419735908508
2020-08-03 11:00:00,0.0340001491495382,0.03735526278614998,0.03735526278614998,0.03735526278614998
2020-08-03 12:00:00,0.0318928884239483,0.03624539077281952,0.03624539077281952,0.03624539077281952
2020-08-03 13:00:00,0.0367286970043065,0.03382492810487747,0.03382492810487747,0.03382492810487747
2020-08-03 14:00:00,0.0276956937039961,0.027979951351881027,0.027979951351881027,0.027979951351881027
2020-08-03 15:00:00,0.0326214362782394,0.03607432544231415,0.03607432544231415,0.03607432544231415
2020-08-03 16:00:00,0.0265822607260791,0.034087084233760834,0.034087084233760834,0.034087084233760834
2020-08-03 17:00:00,0.0300582508250785,0.029801225289702415,0.029801225289702415,0.029801225289702415
2020-08-03 18:00:00,0.0272921617166644,0.02565857209265232,0.02565857209265232,0.02565857209265232
2020-08-03 19:00:00,0.0258096534653548,0.02241770550608635,0.02241770550608635,0.02241770550608635
2020-08-03 20:00:00,0.0193071782178239,0.01873505860567093,0.01873505860567093,0.01873505860567093
2020-08-03 21:00:00,0.0142688118816667,0.014766477048397064,0.014766477048397064,0.014766477048397064
2020-08-03 22:00:00,0.009201473361636,0.010962123982608318,0.010962123982608318,0.010962123982608318
2020-08-03 23:00:00,0.0065183050447803,0.008154064416885376,0.008154064416885376,0.008154064416885376
2020-08-04 00:00:00,0.005065912306511,0.007455674931406975,0.007455674931406975,0.007455674931406975
2020-08-04 01:00:00,0.0044289486091478,0.006122775375843048,0.006122775375843048,0.006122775375843048
2020-08-04 02:00:00,0.0054685525700347,0.0070944782346487045,0.0070944782346487045,0.0070944782346487045
2020-08-04 03:00:00,0.007530433757665,0.009710154496133327,0.009710154496133327,0.009710154496133327
2020-08-04 04:00:00,0.0141228429990793,0.016075681895017624,0.016075681895017624,0.016075681895017624
2020-08-04 05:00:00,0.0323445544554457,0.03458430990576744,0.03458430990576744,0.03458430990576744
2020-08-04 06:00:00,0.0353123762376261,0.03896778076887131,0.03896778076887131,0.03896778076887131
2020-08-04 07:00:00,0.0306382838283788,0.04223605990409851,0.04223605990409851,0.04223605990409851
2020-08-04 08:00:00,0.0384074493163615,0.044605553150177,0.044605553150177,0.044605553150177
2020-08-04 09:00:00,0.0373671617161681,0.03639580309391022,0.03639580309391022,0.03639580309391022
2020-08-04 10:00:00,0.0370825082508304,0.03492274507880211,0.03492274507880211,0.03492274507880211
2020-08-04 11:00:00,0.0392037953795423,0.03422950580716133,0.03422950580716133,0.03422950580716133
2020-08-04 12:00:00,0.0337615511551088,0.031260211020708084,0.031260211020708084,0.031260211020708084
2020-08-04 13:00:00,0.0305481848184782,0.028422873467206955,0.028422873467206955,0.028422873467206955
2020-08-04 14:00:00,0.0287676331919019,0.029540540650486946,0.029540540650486946,0.029540540650486946
2020-08-04 15:00:00,0.0290936993699371,0.031638264656066895,0.031638264656066895,0.031638264656066895
2020-08-04 16:00:00,0.0306085331747412,0.03091217577457428,0.03091217577457428,0.03091217577457428
2020-08-04 17:00:00,0.0336407113930631,0.029333531856536865,0.029333531856536865,0.029333531856536865
2020-08-04 18:00:00,0.0232367509965233,0.023777952417731285,0.023777952417731285,0.023777952417731285
2020-08-04 19:00:00,0.0247788302044534,0.02246851474046707,0.02246851474046707,0.02246851474046707
2020-08-04 20:00:00,0.0225610084222683,0.01887238584458828,0.01887238584458828,0.01887238584458828
2020-08-04 21:00:00,0.0127673851323621,0.014607573859393597,0.014607573859393597,0.014607573859393597
2020-08-04 22:00:00,0.0096262960224607,0.010509084910154343,0.010509084910154343,0.010509084910154343
2020-08-04 23:00:00,0.0055498933826822,0.008476104587316513,0.008476104587316513,0.008476104587316513
2020-08-05 00:00:00,0.0045591755618985,0.0036104917526245117,0.0036104917526245117,0.0036104917526245117
2020-08-05 01:00:00,0.0039143735802158,0.004306124523282051,0.004306124523282051,0.004306124523282051
2020-08-05 02:00:00,0.004148697012563,0.004613103345036507,0.004613103345036507,0.004613103345036507
2020-08-05 03:00:00,0.0053970468475443,0.007598668336868286,0.007598668336868286,0.007598668336868286
2020-08-05 04:00:00,0.0259326904118968,0.02125297673046589,0.02125297673046589,0.02125297673046589
2020-08-05 05:00:00,0.0379698191247708,0.02870318293571472,0.02870318293571472,0.02870318293571472
2020-08-05 06:00:00,0.0322082679696567,0.032522331923246384,0.032522331923246384,0.032522331923246384
2020-08-05 07:00:00,0.0482087394453703,0.038534920662641525,0.038534920662641525,0.038534920662641525
2020-08-05 08:00:00,0.0280255711285404,0.04147646948695183,0.04147646948695183,0.04147646948695183
2020-08-05 09:00:00,0.0458397625476944,0.03878939151763916,0.03878939151763916,0.03878939151763916
2020-08-05 10:00:00,0.0341615447258989,0.03556709736585617,0.03556709736585617,0.03556709736585617
2020-08-05 11:00:00,0.0400947130427223,0.039581868797540665,0.039581868797540665,0.039581868797540665
2020-08-05 12:00:00,0.0333216107325057,0.031080398708581924,0.031080398708581924,0.031080398708581924
2020-08-05 13:00:00,0.0346277163435561,0.03807599097490311,0.03807599097490311,0.03807599097490311
2020-08-05 14:00:00,0.0288226715528658,0.032902300357818604,0.032902300357818604,0.032902300357818604
2020-08-05 15:00:00,0.0283432986155769,0.030252236872911453,0.030252236872911453,0.030252236872911453
2020-08-05 16:00:00,0.0318779520814186,0.02977687679231167,0.02977687679231167,0.02977687679231167
2020-08-05 17:00:00,0.0276221765033659,0.027418533340096474,0.027418533340096474,0.027418533340096474
2020-08-05 18:00:00,0.0268317474604573,0.021855207160115242,0.021855207160115242,0.021855207160115242
2020-08-05 19:00:00,0.0206270635305303,0.022465236485004425,0.022465236485004425,0.022465236485004425
2020-08-05 20:00:00,0.016187648160915,0.015283442102372646,0.015283442102372646,0.015283442102372646
2020-08-05 21:00:00,0.0171052577790133,0.011383665725588799,0.011383665725588799,0.011383665725588799
2020-08-05 22:00:00,0.0092760498587324,0.008180515840649605,0.008180515840649605,0.008180515840649605
2020-08-05 23:00:00,0.00623283616136,0.0038845185190439224,0.0038845185190439224,0.0038845185190439224
2020-08-06 00:00:00,0.0045996678445242,0.004025215283036232,0.004025215283036232,0.004025215283036232
2020-08-06 01:00:00,0.0036164445222053,0.004569049924612045,0.004569049924612045,0.004569049924612045
2020-08-06 02:00:00,0.0046619890771513,0.004446551203727722,0.004446551203727722,0.004446551203727722
2020-08-06 03:00:00,0.0074922460309196,0.009489022195339203,0.009489022195339203,0.009489022195339203
2020-08-06 04:00:00,0.0160004968565026,0.022477861493825912,0.022477861493825912,0.022477861493825912
2020-08-06 05:00:00,0.0339183186381946,0.03189721703529358,0.03189721703529358,0.03189721703529358
2020-08-06 06:00:00,0.0309744242487229,0.04091101884841919,0.04091101884841919,0.04091101884841919
2020-08-06 07:00:00,0.037442493555685,0.03774549067020416,0.03774549067020416,0.03774549067020416
2020-08-06 08:00:00,0.0347947022380696,0.045426443219184875,0.045426443219184875,0.045426443219184875
2020-08-06 09:00:00,0.040786451413011,0.04049330949783325,0.04049330949783325,0.04049330949783325
2020-08-06 10:00:00,0.0341327110389615,0.04130886495113373,0.04130886495113373,0.04130886495113373
2020-08-06 11:00:00,0.0304980575741043,0.03320065513253212,0.03320065513253212,0.03320065513253212
2020-08-06 12:00:00,0.0309023480026671,0.03176406770944595,0.03176406770944595,0.03176406770944595
2020-08-06 13:00:00,0.0303924470125452,0.029396453872323036,0.029396453872323036,0.029396453872323036
2020-08-06 14:00:00,0.0285335361214779,0.0277621541172266,0.0277621541172266,0.0277621541172266
2020-08-06 15:00:00,0.0279727894217914,0.029398582875728607,0.029398582875728607,0.029398582875728607
2020-08-06 16:00:00,0.0336618983331854,0.02933437004685402,0.02933437004685402,0.02933437004685402
2020-08-06 17:00:00,0.0257992745703251,0.028822321444749832,0.028822321444749832,0.028822321444749832
2020-08-06 18:00:00,0.028795149158262,0.021725568920373917,0.021725568920373917,0.021725568920373917
2020-08-06 19:00:00,0.0240897036132246,0.02400912716984749,0.02400912716984749,0.02400912716984749
2020-08-06 20:00:00,0.0201278224250987,0.02326279878616333,0.02326279878616333,0.02326279878616333
2020-08-06 21:00:00,0.0150647036142059,0.015375773422420025,0.015375773422420025,0.015375773422420025
2020-08-06 22:00:00,0.0092486970130531,0.012435960583388805,0.012435960583388805,0.012435960583388805
2020-08-06 23:00:00,0.006449192062068,0.007488628849387169,0.007488628849387169,0.007488628849387169
2020-08-07 00:00:00,0.005335330676908,0.005098549649119377,0.005098549649119377,0.005098549649119377
2020-08-07 01:00:00,0.0050092580686585,0.004525264725089073,0.004525264725089073,0.004525264725089073
2020-08-07 02:00:00,0.0049080204454031,0.0056200772523880005,0.0056200772523880005,0.0056200772523880005
2020-08-07 03:00:00,0.0150887135142116,0.009235665202140808,0.009235665202140808,0.009235665202140808
2020-08-07 04:00:00,0.0186877234151953,0.02242547646164894,0.02242547646164894,0.02242547646164894
2020-08-07 05:00:00,0.0365144560884709,0.03685840964317322,0.03685840964317322,0.03685840964317322
2020-08-07 06:00:00,0.0415821128541421,0.0415969043970108,0.0415969043970108,0.0415969043970108
2020-08-07 07:00:00,0.0497019148343447,0.038444388657808304,0.038444388657808304,0.038444388657808304
2020-08-07 08:00:00,0.0387489445373064,0.04069405049085617,0.04069405049085617,0.04069405049085617
2020-08-07 09:00:00,0.0408182514680068,0.03427046537399292,0.03427046537399292,0.03427046537399292
2020-08-07 10:00:00,0.0453810608739377,0.0421164333820343,0.0421164333820343,0.0421164333820343
2020-08-07 11:00:00,0.0334673137299974,0.041137780994176865,0.041137780994176865,0.041137780994176865
2020-08-07 12:00:00,0.0265481718158091,0.03249851614236832,0.03249851614236832,0.03249851614236832
2020-08-07 13:00:00,0.0314560926078833,0.029038965702056885,0.029038965702056885,0.029038965702056885
2020-08-07 14:00:00,0.0269725942580561,0.02515239268541336,0.02515239268541336,0.02515239268541336
2020-08-07 15:00:00,0.0273129407927028,0.032530058175325394,0.032530058175325394,0.032530058175325394
2020-08-07 16:00:00,0.0273426437630044,0.032056838274002075,0.032056838274002075,0.032056838274002075
2020-08-07 17:00:00,0.03014544904353,0.030351338908076286,0.030351338908076286,0.030351338908076286
2020-08-07 18:00:00,0.0279718516842841,0.022783463820815086,0.022783463820815086,0.022783463820815086
2020-08-07 19:00:00,0.0233765546540963,0.018197447061538696,0.018197447061538696,0.018197447061538696
2020-08-07 20:00:00,0.0237847883346086,0.019290868192911148,0.019290868192911148,0.019290868192911148
2020-08-07 21:00:00,0.0166321480710699,0.01529602985829115,0.01529602985829115,0.01529602985829115
2020-08-07 22:00:00,0.0105133361893856,0.012123939581215382,0.012123939581215382,0.012123939581215382
2020-08-07 23:00:00,0.0062765375095175,0.009329376742243767,0.009329376742243767,0.009329376742243767
2020-08-08 00:00:00,0.0048214455717606,0.006407890468835831,0.006407890468835831,0.006407890468835831
2020-08-08 01:00:00,0.0070442178489774,0.004460383206605911,0.004460383206605911,0.004460383206605911
2020-08-08 02:00:00,0.0050205703949595,0.004884788766503334,0.004884788766503334,0.004884788766503334
2020-08-08 03:00:00,0.0057086892073205,0.008748160675168037,0.008748160675168037,0.008748160675168037
2020-08-08 04:00:00,0.009775520890003,0.010579923167824745,0.010579923167824745,0.010579923167824745
2020-08-08 05:00:00,0.0219908674246549,0.017494281753897667,0.017494281753897667,0.017494281753897667
2020-08-08 06:00:00,0.0279405373921396,0.028826361522078514,0.028826361522078514,0.028826361522078514
2020-08-08 07:00:00,0.0349905138178708,0.030682165175676346,0.030682165175676346,0.030682165175676346
2020-08-08 08:00:00,0.033133253091796,0.031522125005722046,0.031522125005722046,0.031522125005722046
2020-08-08 09:00:00,0.0358315086321273,0.03365931659936905,0.03365931659936905,0.03365931659936905
2020-08-08 10:00:00,0.0308389343742015,0.03070690482854843,0.03070690482854843,0.03070690482854843
2020-08-08 11:00:00,0.0320971851992949,0.03398347645998001,0.03398347645998001,0.03398347645998001
2020-08-08 12:00:00,0.0289577462558864,0.027566520497202873,0.027566520497202873,0.027566520497202873
2020-08-08 13:00:00,0.0200530115511626,0.025861389935016632,0.025861389935016632,0.025861389935016632
2020-08-08 14:00:00,0.0196454525265136,0.02556195668876171,0.02556195668876171,0.02556195668876171
2020-08-08 15:00:00,0.0249210300842621,0.023807547986507416,0.023807547986507416,0.023807547986507416
2020-08-08 16:00:00,0.028235881569926,0.02707151137292385,0.02707151137292385,0.02707151137292385
2020-08-08 17:00:00,0.0279281257933382,0.02531002089381218,0.02531002089381218,0.02531002089381218
2020-08-08 18:00:00,0.0292961125920313,0.022013913840055466,0.022013913840055466,0.022013913840055466
2020-08-08 19:00:00,0.0190895119329576,0.02082841657102108,0.02082841657102108,0.02082841657102108
2020-08-08 20:00:00,0.0183415746382343,0.02065451443195343,0.02065451443195343,0.02065451443195343
2020-08-08 21:00:00,0.0136853865204134,0.017123501747846603,0.017123501747846603,0.017123501747846603
2020-08-08 22:00:00,0.0127352843663468,0.015220222063362598,0.015220222063362598,0.015220222063362598
2020-08-08 23:00:00,0.0070595417920919,0.010984953492879868,0.010984953492879868,0.010984953492879868
2020-08-09 00:00:00,0.0049048741834612,0.008864091709256172,0.008864091709256172,0.008864091709256172
2020-08-09 01:00:00,0.0040369905196033,0.006147056818008423,0.006147056818008423,0.006147056818008423
2020-08-09 02:00:00,0.0041856703870876,0.006773948669433594,0.006773948669433594,0.006773948669433594
2020-08-09 03:00:00,0.0044311006998566,0.007349077612161636,0.007349077612161636,0.007349077612161636
2020-08-09 04:00:00,0.0086607683089797,0.009242553263902664,0.009242553263902664,0.009242553263902664
2020-08-09 05:00:00,0.0149436537403686,0.017721012234687805,0.017721012234687805,0.017721012234687805
2020-08-09 06:00:00,0.0261037197474671,0.022234195843338966,0.022234195843338966,0.022234195843338966
2020-08-09 07:00:00,0.023599201438002,0.02631794475018978,0.02631794475018978,0.02631794475018978
2020-08-09 08:00:00,0.0274816271805708,0.03115665167570114,0.03115665167570114,0.03115665167570114
2020-08-09 09:00:00,0.0308665281711757,0.03038669377565384,0.03038669377565384,0.03038669377565384
2020-08-09 10:00:00,0.0274661568835438,0.030995097011327744,0.030995097011327744,0.030995097011327744
2020-08-09 11:00:00,0.0260689975247456,0.03060007095336914,0.03060007095336914,0.03060007095336914
2020-08-09 12:00:00,0.0245954001650295,0.0313585065305233,0.0313585065305233,0.0313585065305233
2020-08-09 13:00:00,0.0197121493399335,0.02427942305803299,0.02427942305803299,0.02427942305803299
2020-08-09 14:00:00,0.0198755156765658,0.025171902030706406,0.025171902030706406,0.025171902030706406
2020-08-09 15:00:00,0.0234041047854737,0.025230109691619873,0.025230109691619873,0.025230109691619873
2020-08-09 16:00:00,0.0281778671622085,0.02610165998339653,0.02610165998339653,0.02610165998339653
2020-08-09 17:00:00,0.0325752917260991,0.0249206330627203,0.0249206330627203,0.0249206330627203
2020-08-09 18:00:00,0.0328327174681806,0.026056937873363495,0.026056937873363495,0.026056937873363495
2020-08-09 19:00:00,0.0283017768741092,0.021828927099704742,0.021828927099704742,0.021828927099704742
2020-08-09 20:00:00,0.0241129154879751,0.01970389485359192,0.01970389485359192,0.01970389485359192
2020-08-09 21:00:00,0.0180697636732991,0.017311228439211845,0.017311228439211845,0.017311228439211845
2020-08-09 22:00:00,0.0102340376001818,0.013449015095829964,0.013449015095829964,0.013449015095829964
2020-08-09 23:00:00,0.0058301597123971,0.009521961212158203,0.009521961212158203,0.009521961212158203
2020-08-10 00:00:00,0.0044708952145253,0.010053690522909164,0.010053690522909164,0.010053690522909164
2020-08-10 01:00:00,0.0046784034653436,0.006844336166977882,0.006844336166977882,0.006844336166977882
2020-08-10 02:00:00,0.0041940800330062,0.007968507707118988,0.007968507707118988,0.007968507707118988
2020-08-10 03:00:00,0.0086886344889446,0.01041688397526741,0.01041688397526741,0.01041688397526741
2020-08-10 04:00:00,0.0228767533003285,0.014632637612521648,0.014632637612521648,0.014632637612521648
2020-08-10 05:00:00,0.0276444925742604,0.03259880095720291,0.03259880095720291,0.03259880095720291
2020-08-10 06:00:00,0.0341857466996745,0.033623792231082916,0.033623792231082916,0.033623792231082916
2020-08-10 07:00:00,0.0353053836638492,0.03621499612927437,0.03621499612927437,0.03621499612927437
2020-08-10 08:00:00,0.0359827764026535,0.034849923104047775,0.034849923104047775,0.034849923104047775
2020-08-10 09:00:00,0.0348091996699677,0.03997151553630829,0.03997151553630829,0.03997151553630829
2020-08-10 10:00:00,0.0356309818486709,0.039686743170022964,0.039686743170022964,0.039686743170022964
2020-08-10 11:00:00,0.0329337871287097,0.0359417162835598,0.0359417162835598,0.0359417162835598
2020-08-10 12:00:00,0.0328339521452262,0.035243645310401917,0.035243645310401917,0.035243645310401917
2020-08-10 13:00:00,0.0344179042904275,0.034359827637672424,0.034359827637672424,0.034359827637672424
2020-08-10 14:00:00,0.0259748349834989,0.028919454663991928,0.028919454663991928,0.028919454663991928
2020-08-10 15:00:00,0.0347698019801982,0.028188500553369522,0.028188500553369522,0.028188500553369522
2020-08-10 16:00:00,0.0302685643564416,0.040777064859867096,0.040777064859867096,0.040777064859867096
2020-08-10 17:00:00,0.0288691212871262,0.030693210661411285,0.030693210661411285,0.030693210661411285
2020-08-10 18:00:00,0.0263253919141944,0.026961399242281914,0.026961399242281914,0.026961399242281914
2020-08-10 19:00:00,0.0252583834276242,0.02251511439681053,0.02251511439681053,0.02251511439681053
2020-08-10 20:00:00,0.0163484824380229,0.02566007897257805,0.02566007897257805,0.02566007897257805
2020-08-10 21:00:00,0.0137641177510682,0.017318611964583397,0.017318611964583397,0.017318611964583397
2020-08-10 22:00:00,0.0098181606553422,0.010894706472754478,0.010894706472754478,0.010894706472754478
2020-08-10 23:00:00,0.0050619725365364,0.009188173338770866,0.009188173338770866,0.009188173338770866
2020-08-11 00:00:00,0.0049186557048587,0.0061294082552194595,0.0061294082552194595,0.0061294082552194595
2020-08-11 01:00:00,0.0024153553748294,0.006207674741744995,0.006207674741744995,0.006207674741744995
2020-08-11 02:00:00,0.004906456271121,0.006415637210011482,0.006415637210011482,0.006415637210011482
2020-08-11 03:00:00,0.0114688325082509,0.0078815296292305,0.0078815296292305,0.0078815296292305
2020-08-11 04:00:00,0.0202592615516424,0.022674793377518654,0.022674793377518654,0.022674793377518654
2020-08-11 05:00:00,0.0273091940444031,0.032742224633693695,0.032742224633693695,0.032742224633693695
2020-08-11 06:00:00,0.0470507782028227,0.03399810940027237,0.03399810940027237,0.03399810940027237
2020-08-11 07:00:00,0.0373596148364886,0.03676944971084595,0.03676944971084595,0.03676944971084595
2020-08-11 08:00:00,0.0417040042754232,0.037860967218875885,0.037860967218875885,0.037860967218875885
2020-08-11 09:00:00,0.0382767641764063,0.03364483639597893,0.03364483639597893,0.03364483639597893
2020-08-11 10:00:00,0.0471274242424405,0.037435322999954224,0.037435322999954224,0.037435322999954224
2020-08-11 11:00:00,0.0430583048304751,0.035445909947156906,0.035445909947156906,0.035445909947156906
2020-08-11 12:00:00,0.0311238988898895,0.03249545767903328,0.03249545767903328,0.03249545767903328
2020-08-11 13:00:00,0.0376878427842712,0.03300496190786362,0.03300496190786362,0.03300496190786362
2020-08-11 14:00:00,0.0282282718271909,0.03361426293849945,0.03361426293849945,0.03361426293849945
2020-08-11 15:00:00,0.0325686183623322,0.029694093391299248,0.029694093391299248,0.029694093391299248
2020-08-11 16:00:00,0.0303192666409538,0.03436973690986633,0.03436973690986633,0.03436973690986633
2020-08-11 17:00:00,0.0289273288757357,0.028601855039596558,0.028601855039596558,0.028601855039596558
2020-08-11 18:00:00,0.0266857918649014,0.027324827387928963,0.027324827387928963,0.027324827387928963
2020-08-11 19:00:00,0.0281437126569842,0.0264873243868351,0.0264873243868351,0.0264873243868351
2020-08-11 20:00:00,0.0191706103467484,0.02339436672627926,0.02339436672627926,0.02339436672627926
2020-08-11 21:00:00,0.014694537739491,0.020107783377170563,0.020107783377170563,0.020107783377170563
2020-08-11 22:00:00,0.0104879370794174,0.011494466103613377,0.011494466103613377,0.011494466103613377
2020-08-11 23:00:00,0.0058953628224996,0.0091826431453228,0.0091826431453228,0.0091826431453228
2020-08-12 00:00:00,0.0059873005881874,0.00525052472949028,0.00525052472949028,0.00525052472949028
2020-08-12 01:00:00,0.0036351082251085,0.0043651144951581955,0.0043651144951581955,0.0043651144951581955
2020-08-12 02:00:00,0.0053999597102568,0.005589447915554047,0.005589447915554047,0.005589447915554047
2020-08-12 03:00:00,0.021824877201996,0.011323725804686546,0.011323725804686546,0.011323725804686546
2020-08-12 04:00:00,0.0326303227465543,0.02694588340818882,0.02694588340818882,0.02694588340818882
2020-08-12 05:00:00,0.0396732270370041,0.02614951878786087,0.02614951878786087,0.02614951878786087
2020-08-12 06:00:00,0.0481592949294868,0.038706179708242416,0.038706179708242416,0.038706179708242416
2020-08-12 07:00:00,0.0467972015773042,0.04163075238466263,0.04163075238466263,0.04163075238466263
2020-08-12 08:00:00,0.0398149408512275,0.039538007229566574,0.039538007229566574,0.039538007229566574
2020-08-12 09:00:00,0.0420886642235667,0.0452810674905777,0.0452810674905777,0.0452810674905777
2020-08-12 10:00:00,0.0408184497021132,0.04283330217003822,0.04283330217003822,0.04283330217003822
2020-08-12 11:00:00,0.0412206774248919,0.04034000635147095,0.04034000635147095,0.04034000635147095
2020-08-12 12:00:00,0.0396984001971621,0.03462249040603638,0.03462249040603638,0.03462249040603638
2020-08-12 13:00:00,0.0324550008572189,0.03535543382167816,0.03535543382167816,0.03535543382167816
2020-08-12 14:00:00,0.0312662364450753,0.035809990018606186,0.035809990018606186,0.035809990018606186
2020-08-12 15:00:00,0.0308986621876456,0.031137628480792046,0.031137628480792046,0.031137628480792046
2020-08-12 16:00:00,0.0401131836397909,0.033583831042051315,0.033583831042051315,0.033583831042051315
2020-08-12 17:00:00,0.0329473420556411,0.029382899403572083,0.029382899403572083,0.029382899403572083
2020-08-12 18:00:00,0.0285233321546379,0.024629663676023483,0.024629663676023483,0.024629663676023483
2020-08-12 19:00:00,0.025802210042437,0.025768879801034927,0.025768879801034927,0.025768879801034927
2020-08-12 20:00:00,0.0176985408519786,0.018617769703269005,0.018617769703269005,0.018617769703269005
2020-08-12 21:00:00,0.0129749434922517,0.017271017655730247,0.017271017655730247,0.017271017655730247
2020-08-12 22:00:00,0.0081579055384485,0.009959457442164421,0.009959457442164421,0.009959457442164421
2020-08-12 23:00:00,0.0059684665945611,0.005679445341229439,0.005679445341229439,0.005679445341229439
2020-08-13 00:00:00,0.0038711068585822,0.007315210998058319,0.007315210998058319,0.007315210998058319
2020-08-13 01:00:00,0.003262195967496,0.006771977990865707,0.006771977990865707,0.006771977990865707
2020-08-13 02:00:00,0.0174052652744239,0.006007282063364983,0.006007282063364983,0.006007282063364983
2020-08-13 03:00:00,0.0232509748453854,0.010658560320734978,0.010658560320734978,0.010658560320734978
2020-08-13 04:00:00,0.033746024350339,0.020678751170635223,0.020678751170635223,0.020678751170635223
2020-08-13 05:00:00,0.0392914038882803,0.03263259679079056,0.03263259679079056,0.03263259679079056
2020-08-13 06:00:00,0.0541907438222824,0.03926462680101395,0.03926462680101395,0.03926462680101395
2020-08-13 07:00:00,0.0647364121391221,0.04313597083091736,0.04313597083091736,0.04313597083091736
2020-08-13 08:00:00,0.0499616596638628,0.045873917639255524,0.045873917639255524,0.045873917639255524
2020-08-13 09:00:00,0.0353915276506601,0.048171479254961014,0.048171479254961014,0.048171479254961014
2020-08-13 10:00:00,0.042246313129227,0.04064851999282837,0.04064851999282837,0.04064851999282837
2020-08-13 11:00:00,0.0435710420306586,0.04405158385634422,0.04405158385634422,0.04405158385634422
2020-08-13 12:00:00,0.0361824281692981,0.034250903874635696,0.034250903874635696,0.034250903874635696
2020-08-13 13:00:00,0.030088077557757,0.03517589345574379,0.03517589345574379,0.03517589345574379
2020-08-13 14:00:00,0.026380981848178,0.0323164165019989,0.0323164165019989,0.0323164165019989
2020-08-13 15:00:00,0.0368620619204743,0.031810563057661057,0.031810563057661057,0.031810563057661057
2020-08-13 16:00:00,0.033171294004405,0.031405311077833176,0.031405311077833176,0.031405311077833176
2020-08-13 17:00:00,0.0268222841034074,0.029486466199159622,0.029486466199159622,0.029486466199159622
2020-08-13 18:00:00,0.028246376512647,0.024930492043495178,0.024930492043495178,0.024930492043495178
2020-08-13 19:00:00,0.0242769045654604,0.023503750562667847,0.023503750562667847,0.023503750562667847
2020-08-13 20:00:00,0.0200746414820061,0.023812394589185715,0.023812394589185715,0.023812394589185715
2020-08-13 21:00:00,0.0135190721750805,0.01654127798974514,0.01654127798974514,0.01654127798974514
2020-08-13 22:00:00,0.0082436714212042,0.010085366666316986,0.010085366666316986,0.010085366666316986
2020-08-13 23:00:00,0.0075311537403723,0.0076891351491212845,0.0076891351491212845,0.0076891351491212845
2020-08-14 00:00:00,0.0045039260176097,0.006718970835208893,0.006718970835208893,0.006718970835208893
2020-08-14 01:00:00,0.0049476553905348,0.005661154165863991,0.005661154165863991,0.005661154165863991
2020-08-14 02:00:00,0.0044921273377229,0.005945997312664986,0.005945997312664986,0.005945997312664986
2020-08-14 03:00:00,0.0228478557677292,0.01338808611035347,0.01338808611035347,0.01338808611035347
2020-08-14 04:00:00,0.0326985158337229,0.02416963130235672,0.02416963130235672,0.02416963130235672
2020-08-14 05:00:00,0.0312519399261405,0.03477638587355614,0.03477638587355614,0.03477638587355614
2020-08-14 06:00:00,0.0459017513358461,0.03825417160987854,0.03825417160987854,0.03825417160987854
2020-08-14 07:00:00,0.0486080219634054,0.052808020263910294,0.052808020263910294,0.052808020263910294
2020-08-14 08:00:00,0.0488085170124206,0.04865698143839836,0.04865698143839836,0.04865698143839836
2020-08-14 09:00:00,0.0379969501419298,0.04873818904161453,0.04873818904161453,0.04873818904161453
2020-08-14 10:00:00,0.0335761580622371,0.04338674247264862,0.04338674247264862,0.04338674247264862
2020-08-14 11:00:00,0.0418249204384719,0.03376118466258049,0.03376118466258049,0.03376118466258049
2020-08-14 12:00:00,0.0381566036072813,0.041632845997810364,0.041632845997810364,0.041632845997810364
2020-08-14 13:00:00,0.029115019448377,0.03430265560746193,0.03430265560746193,0.03430265560746193
2020-08-14 14:00:00,0.0336422471711494,0.03618738055229187,0.03618738055229187,0.03618738055229187
2020-08-14 15:00:00,0.0288914220886402,0.033722635358572006,0.033722635358572006,0.033722635358572006
2020-08-14 16:00:00,0.0319014016585153,0.028661739081144333,0.028661739081144333,0.028661739081144333
2020-08-14 17:00:00,0.0271732663444966,0.03178128972649574,0.03178128972649574,0.03178128972649574
2020-08-14 18:00:00,0.0247112751458612,0.028344113379716873,0.028344113379716873,0.028344113379716873
2020-08-14 19:00:00,0.0273078097993299,0.025313008576631546,0.025313008576631546,0.025313008576631546
2020-08-14 20:00:00,0.0226379062705254,0.019847139716148376,0.019847139716148376,0.019847139716148376
2020-08-14 21:00:00,0.0139093584157243,0.016064319759607315,0.016064319759607315,0.016064319759607315
2020-08-14 22:00:00,0.010366517593184,0.015002327971160412,0.015002327971160412,0.015002327971160412
2020-08-14 23:00:00,0.0069451951033048,0.010256873443722725,0.010256873443722725,0.010256873443722725
2020-08-15 00:00:00,0.0054476703513262,0.010806690901517868,0.010806690901517868,0.010806690901517868
2020-08-15 01:00:00,0.0041654921334991,0.0063973162323236465,0.0063973162323236465,0.0063973162323236465
2020-08-15 02:00:00,0.0039724228260747,0.006589498370885849,0.006589498370885849,0.006589498370885849
2020-08-15 03:00:00,0.0043955526400382,0.007691144943237305,0.007691144943237305,0.007691144943237305
2020-08-15 04:00:00,0.0091009981836146,0.014533125795423985,0.014533125795423985,0.014533125795423985
2020-08-15 05:00:00,0.0176611917034595,0.020387079566717148,0.020387079566717148,0.020387079566717148
2020-08-15 06:00:00,0.0286538838293202,0.029834982007741928,0.029834982007741928,0.029834982007741928
2020-08-15 07:00:00,0.0318197254134684,0.0335148423910141,0.0335148423910141,0.0335148423910141
2020-08-15 08:00:00,0.0330152699679309,0.03576800599694252,0.03576800599694252,0.03576800599694252
2020-08-15 09:00:00,0.0317038013210712,0.034340206533670425,0.034340206533670425,0.034340206533670425
2020-08-15 10:00:00,0.0302622002378783,0.030121799558401108,0.030121799558401108,0.030121799558401108
2020-08-15 11:00:00,0.0255305877909195,0.028525248169898987,0.028525248169898987,0.028525248169898987
2020-08-15 12:00:00,0.0272842181539584,0.022982390597462654,0.022982390597462654,0.022982390597462654
2020-08-15 13:00:00,0.0170256726565477,0.024080535396933556,0.024080535396933556,0.024080535396933556
2020-08-15 14:00:00,0.0223524053298187,0.022695081308484077,0.022695081308484077,0.022695081308484077
2020-08-15 15:00:00,0.0217154416334577,0.022378994151949883,0.022378994151949883,0.022378994151949883
2020-08-15 16:00:00,0.0249312382135927,0.02757781744003296,0.02757781744003296,0.02757781744003296
2020-08-15 17:00:00,0.0261885814484268,0.026167187839746475,0.026167187839746475,0.026167187839746475
2020-08-15 18:00:00,0.0196052481145884,0.022197674959897995,0.022197674959897995,0.022197674959897995
2020-08-15 19:00:00,0.0224567332631098,0.02198568917810917,0.02198568917810917,0.02198568917810917
2020-08-15 20:00:00,0.0243057431636028,0.021558864042162895,0.021558864042162895,0.021558864042162895
2020-08-15 21:00:00,0.0157207596652472,0.015790291130542755,0.015790291130542755,0.015790291130542755
2020-08-15 22:00:00,0.0103406323668075,0.010401055216789246,0.010401055216789246,0.010401055216789246
2020-08-15 23:00:00,0.0071426125648314,0.008731365203857422,0.008731365203857422,0.008731365203857422
2020-08-16 00:00:00,0.0047440977133393,0.0059836506843566895,0.0059836506843566895,0.0059836506843566895
2020-08-16 01:00:00,0.0041674959152371,0.0048545897006988525,0.0048545897006988525,0.0048545897006988525
2020-08-16 02:00:00,0.0039199711627609,0.00617411732673645,0.00617411732673645,0.00617411732673645
2020-08-16 03:00:00,0.0049645256181951,0.005636826157569885,0.005636826157569885,0.005636826157569885
2020-08-16 04:00:00,0.0084570998756267,0.011086561717092991,0.011086561717092991,0.011086561717092991
2020-08-16 05:00:00,0.0158531394795952,0.01827326789498329,0.01827326789498329,0.01827326789498329
2020-08-16 06:00:00,0.0286006642320594,0.025870276615023613,0.025870276615023613,0.025870276615023613
2020-08-16 07:00:00,0.0290066048261253,0.03193826228380203,0.03193826228380203,0.03193826228380203
2020-08-16 08:00:00,0.0295882879944355,0.03380914404988289,0.03380914404988289,0.03380914404988289
2020-08-16 09:00:00,0.0261117439114658,0.034516677260398865,0.034516677260398865,0.034516677260398865
2020-08-16 10:00:00,0.0310436746050256,0.031975410878658295,0.031975410878658295,0.031975410878658295
2020-08-16 11:00:00,0.0297070409416534,0.026004068553447723,0.026004068553447723,0.026004068553447723
2020-08-16 12:00:00,0.0255582903518204,0.0258637722581625,0.0258637722581625,0.0258637722581625
2020-08-16 13:00:00,0.020196244147193,0.018849540501832962,0.018849540501832962,0.018849540501832962
2020-08-16 14:00:00,0.0217197589986842,0.024250494316220284,0.024250494316220284,0.024250494316220284
2020-08-16 15:00:00,0.0273897259958802,0.025742115452885628,0.025742115452885628,0.025742115452885628
2020-08-16 16:00:00,0.027660353058095,0.030176278203725815,0.030176278203725815,0.030176278203725815
2020-08-16 17:00:00,0.0310860956323476,0.027078688144683838,0.027078688144683838,0.027078688144683838
2020-08-16 18:00:00,0.0326323002532985,0.027381181716918945,0.027381181716918945,0.027381181716918945
2020-08-16 19:00:00,0.0261430263254188,0.023536717519164085,0.023536717519164085,0.023536717519164085
2020-08-16 20:00:00,0.0191999570184801,0.019387278705835342,0.019387278705835342,0.019387278705835342
2020-08-16 21:00:00,0.0140555675800311,0.014216738753020763,0.014216738753020763,0.014216738753020763
2020-08-16 22:00:00,0.0084565576790554,0.01053859293460846,0.01053859293460846,0.01053859293460846
2020-08-16 23:00:00,0.0061719042131991,0.008701009675860405,0.008701009675860405,0.008701009675860405
2020-08-17 00:00:00,0.0048831253358126,0.005807837471365929,0.005807837471365929,0.005807837471365929
2020-08-17 01:00:00,0.0035972342467028,0.006993485614657402,0.006993485614657402,0.006993485614657402
2020-08-17 02:00:00,0.0051013596587522,0.007527429610490799,0.007527429610490799,0.007527429610490799
2020-08-17 03:00:00,0.0085790824310217,0.012216854840517044,0.012216854840517044,0.012216854840517044
2020-08-17 04:00:00,0.0288014421674915,0.03209180757403374,0.03209180757403374,0.03209180757403374
2020-08-17 05:00:00,0.033741623685148,0.04165463149547577,0.04165463149547577,0.04165463149547577
2020-08-17 06:00:00,0.0324749086515812,0.037955574691295624,0.037955574691295624,0.037955574691295624
2020-08-17 07:00:00,0.0419641825794654,0.03942880406975746,0.03942880406975746,0.03942880406975746
2020-08-17 08:00:00,0.0385842320839274,0.0425771102309227,0.0425771102309227,0.0425771102309227
2020-08-17 09:00:00,0.0355405027109872,0.038782864809036255,0.038782864809036255,0.038782864809036255
2020-08-17 10:00:00,0.0388659977604916,0.04362308979034424,0.04362308979034424,0.04362308979034424
2020-08-17 11:00:00,0.0376093971004126,0.03710047900676727,0.03710047900676727,0.03710047900676727
2020-08-17 12:00:00,0.0355483409948259,0.04115895554423332,0.04115895554423332,0.04115895554423332
2020-08-17 13:00:00,0.0328478459453103,0.03613090142607689,0.03613090142607689,0.03613090142607689
2020-08-17 14:00:00,0.0347909152522361,0.03429989144206047,0.03429989144206047,0.03429989144206047
2020-08-17 15:00:00,0.0412818393446472,0.040200378745794296,0.040200378745794296,0.040200378745794296
2020-08-17 16:00:00,0.0316910802687406,0.036208782345056534,0.036208782345056534,0.036208782345056534
2020-08-17 17:00:00,0.0299447106317829,0.031071871519088745,0.031071871519088745,0.031071871519088745
2020-08-17 18:00:00,0.0251683079920082,0.026192279532551765,0.026192279532551765,0.026192279532551765
2020-08-17 19:00:00,0.0266666578264973,0.029133116826415062,0.029133116826415062,0.029133116826415062
2020-08-17 20:00:00,0.0185783739986148,0.019897490739822388,0.019897490739822388,0.019897490739822388
2020-08-17 21:00:00,0.0144381099722087,0.016254939138889313,0.016254939138889313,0.016254939138889313
2020-08-17 22:00:00,0.0077865541023286,0.012636028230190277,0.012636028230190277,0.012636028230190277
2020-08-17 23:00:00,0.0056325387007941,0.0054124463349580765,0.0054124463349580765,0.0054124463349580765
2020-08-18 00:00:00,0.0044023406809882,0.005539463832974434,0.005539463832974434,0.005539463832974434
2020-08-18 01:00:00,0.0036308885357805,0.006297901272773743,0.006297901272773743,0.006297901272773743
2020-08-18 02:00:00,0.0057497004164666,0.004915332421660423,0.004915332421660423,0.004915332421660423
2020-08-18 03:00:00,0.0087934297898987,0.014847030863165855,0.014847030863165855,0.014847030863165855
2020-08-18 04:00:00,0.029024452891724,0.03821106255054474,0.03821106255054474,0.03821106255054474
2020-08-18 05:00:00,0.0269982859898035,0.04699529707431793,0.04699529707431793,0.04699529707431793
2020-08-18 06:00:00,0.0431311242736301,0.03645746409893036,0.03645746409893036,0.03645746409893036
2020-08-18 07:00:00,0.0470807942401511,0.03807705268263817,0.03807705268263817,0.03807705268263817
2020-08-18 08:00:00,0.0470082508250804,0.04478944465517998,0.04478944465517998,0.04478944465517998
2020-08-18 09:00:00,0.0401221122112146,0.04125494137406349,0.04125494137406349,0.04125494137406349
2020-08-18 10:00:00,0.0346872937293794,0.036905497312545776,0.036905497312545776,0.036905497312545776
2020-08-18 11:00:00,0.0404174917491751,0.034548353403806686,0.034548353403806686,0.034548353403806686
2020-08-18 12:00:00,0.0398737623762377,0.03843042999505997,0.03843042999505997,0.03843042999505997
2020-08-18 13:00:00,0.0297813531353113,0.03523632884025574,0.03523632884025574,0.03523632884025574
2020-08-18 14:00:00,0.0278358085813549,0.031017009168863297,0.031017009168863297,0.031017009168863297
2020-08-18 15:00:00,0.0285674799622821,0.03452806919813156,0.03452806919813156,0.03452806919813156
2020-08-18 16:00:00,0.0351879420084792,0.03322286158800125,0.03322286158800125,0.03322286158800125
2020-08-18 17:00:00,0.0248537835931446,0.027867836877703667,0.027867836877703667,0.027867836877703667
2020-08-18 18:00:00,0.0258470650636495,0.025097737088799477,0.025097737088799477,0.025097737088799477
2020-08-18 19:00:00,0.0241127416313048,0.025545436888933182,0.025545436888933182,0.025545436888933182
2020-08-18 20:00:00,0.0215001553731766,0.026183685287833214,0.026183685287833214,0.026183685287833214
2020-08-18 21:00:00,0.0150999903561806,0.01299184001982212,0.01299184001982212,0.01299184001982212
2020-08-18 22:00:00,0.0122140285457163,0.008011646568775177,0.008011646568775177,0.008011646568775177
2020-08-18 23:00:00,0.0057496249629877,0.006596902385354042,0.006596902385354042,0.006596902385354042
2020-08-19 00:00:00,0.003860186019102,0.008214572444558144,0.008214572444558144,0.008214572444558144
2020-08-19 01:00:00,0.0037579936565002,0.008013900369405746,0.008013900369405746,0.008013900369405746
2020-08-19 02:00:00,0.0040797758347275,0.008372519165277481,0.008372519165277481,0.008372519165277481
2020-08-19 03:00:00,0.0179188847456085,0.012948294170200825,0.012948294170200825,0.012948294170200825
2020-08-19 04:00:00,0.0296020530624568,0.03446473553776741,0.03446473553776741,0.03446473553776741
2020-08-19 05:00:00,0.0332010629634408,0.0395643524825573,0.0395643524825573,0.0395643524825573
2020-08-19 06:00:00,0.0352536914405725,0.036549754440784454,0.036549754440784454,0.036549754440784454
2020-08-19 07:00:00,0.0470774988213138,0.04436696320772171,0.04436696320772171,0.04436696320772171
2020-08-19 08:00:00,0.0417520037723011,0.041642926633358,0.041642926633358,0.041642926633358
2020-08-19 09:00:00,0.0451241159830306,0.04677704721689224,0.04677704721689224,0.04677704721689224
2020-08-19 10:00:00,0.03731718528995,0.043354444205760956,0.043354444205760956,0.043354444205760956
2020-08-19 11:00:00,0.0347225758290144,0.03463466838002205,0.03463466838002205,0.03463466838002205
2020-08-19 12:00:00,0.0354573118026054,0.03448483720421791,0.03448483720421791,0.03448483720421791
2020-08-19 13:00:00,0.0279619086908602,0.03454011306166649,0.03454011306166649,0.03454011306166649
2020-08-19 14:00:00,0.0295089383938456,0.0321509912610054,0.0321509912610054,0.0321509912610054
2020-08-19 15:00:00,0.0303587733773405,0.03264610096812248,0.03264610096812248,0.03264610096812248
2020-08-19 16:00:00,0.0296182618261821,0.031149856746196747,0.031149856746196747,0.031149856746196747
2020-08-19 17:00:00,0.0304719302699578,0.0279795341193676,0.0279795341193676,0.0279795341193676
2020-08-19 18:00:00,0.0320087289498062,0.02720033749938011,0.02720033749938011,0.02720033749938011
2020-08-19 19:00:00,0.0273082339003201,0.030065353959798813,0.030065353959798813,0.030065353959798813
2020-08-19 20:00:00,0.0177621667935944,0.02286839857697487,0.02286839857697487,0.02286839857697487
2020-08-19 21:00:00,0.0146099390713291,0.015255378559231758,0.015255378559231758,0.015255378559231758
2020-08-19 22:00:00,0.0098782559025131,0.01415791641920805,0.01415791641920805,0.01415791641920805
2020-08-19 23:00:00,0.0045675298299159,0.007324453443288803,0.007324453443288803,0.007324453443288803
2020-08-20 00:00:00,0.0036038334607569,0.007029527798295021,0.007029527798295021,0.007029527798295021
2020-08-20 01:00:00,0.0042020182787586,0.0075704921036958694,0.0075704921036958694,0.0075704921036958694
2020-08-20 02:00:00,0.0045262757044914,0.008949344977736473,0.008949344977736473,0.008949344977736473
2020-08-20 03:00:00,0.0098435788638704,0.014459515921771526,0.014459515921771526,0.014459515921771526
2020-08-20 04:00:00,0.0339945689623949,0.03167957067489624,0.03167957067489624,0.03167957067489624
2020-08-20 05:00:00,0.031982192725262,0.03775870054960251,0.03775870054960251,0.03775870054960251
2020-08-20 06:00:00,0.039732319660537,0.03340516984462738,0.03340516984462738,0.03340516984462738
2020-08-20 07:00:00,0.0472735737859412,0.045568838715553284,0.045568838715553284,0.045568838715553284
2020-08-20 08:00:00,0.0384616925978337,0.05108329653739929,0.05108329653739929,0.05108329653739929
2020-08-20 09:00:00,0.0422380952380988,0.043346039950847626,0.043346039950847626,0.043346039950847626
2020-08-20 10:00:00,0.0449179867986765,0.039047375321388245,0.039047375321388245,0.039047375321388245
2020-08-20 11:00:00,0.0393957095709582,0.03829442709684372,0.03829442709684372,0.03829442709684372
2020-08-20 12:00:00,0.0321003300330015,0.03953278064727783,0.03953278064727783,0.03953278064727783
2020-08-20 13:00:00,0.0344452145219454,0.03249906376004219,0.03249906376004219,0.03249906376004219
2020-08-20 14:00:00,0.0318466171617161,0.03326369449496269,0.03326369449496269,0.03326369449496269
2020-08-20 15:00:00,0.0318507425747515,0.031056009232997894,0.031056009232997894,0.031056009232997894
2020-08-20 16:00:00,0.0315982673267312,0.02801121398806572,0.02801121398806572,0.02801121398806572
2020-08-20 17:00:00,0.0237763201320163,0.027819164097309113,0.027819164097309113,0.027819164097309113
2020-08-20 18:00:00,0.0296492574262363,0.024292707443237305,0.024292707443237305,0.024292707443237305
2020-08-20 19:00:00,0.0250923267326717,0.027353152632713318,0.027353152632713318,0.027353152632713318
2020-08-20 20:00:00,0.0189091584158454,0.02240952104330063,0.02240952104330063,0.02240952104330063
2020-08-20 21:00:00,0.0144487623767313,0.014480190351605415,0.014480190351605415,0.014480190351605415
2020-08-20 22:00:00,0.0088086633663382,0.008693074807524681,0.008693074807524681,0.008693074807524681
2020-08-20 23:00:00,0.0063160891089101,0.0057387519627809525,0.0057387519627809525,0.0057387519627809525
2020-08-21 00:00:00,0.0056086397930403,0.0060893818736076355,0.0060893818736076355,0.0060893818736076355
2020-08-21 01:00:00,0.0044489038189558,0.0054696667939424515,0.0054696667939424515,0.0054696667939424515
2020-08-21 02:00:00,0.004689002828856,0.005065232515335083,0.005065232515335083,0.005065232515335083
2020-08-21 03:00:00,0.0081003653936799,0.022006191313266754,0.022006191313266754,0.022006191313266754
2020-08-21 04:00:00,0.0190133191890663,0.03674527257680893,0.03674527257680893,0.03674527257680893
2020-08-21 05:00:00,0.0390141592730719,0.037994902580976486,0.037994902580976486,0.037994902580976486
2020-08-21 06:00:00,0.0307658094385867,0.04052751511335373,0.04052751511335373,0.04052751511335373
2020-08-21 07:00:00,0.0367702884578934,0.04706721007823944,0.04706721007823944,0.04706721007823944
2020-08-21 08:00:00,0.037911377566828,0.045506902039051056,0.045506902039051056,0.045506902039051056
2020-08-21 09:00:00,0.0393189683254103,0.04947036877274513,0.04947036877274513,0.04947036877274513
2020-08-21 10:00:00,0.0381269716262261,0.04145058989524841,0.04145058989524841,0.04145058989524841
2020-08-21 11:00:00,0.033183902318802,0.04090580716729164,0.04090580716729164,0.04090580716729164
2020-08-21 12:00:00,0.0362173181603924,0.03756602853536606,0.03756602853536606,0.03756602853536606
2020-08-21 13:00:00,0.029545700998674,0.03139530494809151,0.03139530494809151,0.03139530494809151
2020-08-21 14:00:00,0.028316465575618,0.030259383842349052,0.030259383842349052,0.030259383842349052
2020-08-21 15:00:00,0.0331215398325607,0.031942058354616165,0.031942058354616165,0.031942058354616165
2020-08-21 16:00:00,0.029903305509614,0.03157712146639824,0.03157712146639824,0.03157712146639824
2020-08-21 17:00:00,0.0273516789183844,0.025637688115239143,0.025637688115239143,0.025637688115239143
2020-08-21 18:00:00,0.0210253587858795,0.025702115148305893,0.025702115148305893,0.025702115148305893
2020-08-21 19:00:00,0.0228859198424817,0.023091234266757965,0.023091234266757965,0.023091234266757965
2020-08-21 20:00:00,0.022543098059807,0.018560871481895447,0.018560871481895447,0.018560871481895447
2020-08-21 21:00:00,0.0140018439343962,0.016600554808974266,0.016600554808974266,0.016600554808974266
2020-08-21 22:00:00,0.0114403752875252,0.010971242561936378,0.010971242561936378,0.010971242561936378
2020-08-21 23:00:00,0.007628494099902,0.008181296288967133,0.008181296288967133,0.008181296288967133
2020-08-22 00:00:00,0.0053261013601328,0.008866522461175919,0.008866522461175919,0.008866522461175919
2020-08-22 01:00:00,0.0047980485553645,0.006492814049124718,0.006492814049124718,0.006492814049124718
2020-08-22 02:00:00,0.0035950782578191,0.006554432213306427,0.006554432213306427,0.006554432213306427
2020-08-22 03:00:00,0.0043838571357115,0.005134770646691322,0.005134770646691322,0.005134770646691322
2020-08-22 04:00:00,0.0102972234723517,0.00782194547355175,0.00782194547355175,0.00782194547355175
2020-08-22 05:00:00,0.0193826195119495,0.015781760215759277,0.015781760215759277,0.015781760215759277
2020-08-22 06:00:00,0.0273256888193748,0.023449350148439407,0.023449350148439407,0.023449350148439407
2020-08-22 07:00:00,0.0338473472347272,0.02966364100575447,0.02966364100575447,0.02966364100575447
2020-08-22 08:00:00,0.0334793997261785,0.03088848665356636,0.03088848665356636,0.03088848665356636
2020-08-22 09:00:00,0.0296864954352586,0.032154425978660583,0.032154425978660583,0.032154425978660583
2020-08-22 10:00:00,0.0302475515413646,0.02730601094663143,0.02730601094663143,0.02730601094663143
2020-08-22 11:00:00,0.0249992017058884,0.023016387596726418,0.023016387596726418,0.023016387596726418
2020-08-22 12:00:00,0.0298818749737077,0.02749960497021675,0.02749960497021675,0.02749960497021675
2020-08-22 13:00:00,0.0251982941151259,0.026953471824526787,0.026953471824526787,0.026953471824526787
2020-08-22 14:00:00,0.0230577733729056,0.024993257597088814,0.024993257597088814,0.024993257597088814
2020-08-22 15:00:00,0.0260052038302448,0.028455497696995735,0.028455497696995735,0.028455497696995735
2020-08-22 16:00:00,0.0271207153813876,0.029947243630886078,0.029947243630886078,0.029947243630886078
2020-08-22 17:00:00,0.0280664249523544,0.029814856126904488,0.029814856126904488,0.029814856126904488
2020-08-22 18:00:00,0.0252374527699248,0.02507687546312809,0.02507687546312809,0.02507687546312809
2020-08-22 19:00:00,0.0250861326374087,0.021106025204062462,0.021106025204062462,0.021106025204062462
2020-08-22 20:00:00,0.0179323372578655,0.02284405194222927,0.02284405194222927,0.02284405194222927
2020-08-22 21:00:00,0.0143027993045772,0.017613723874092102,0.017613723874092102,0.017613723874092102
2020-08-22 22:00:00,0.0118287894035805,0.013445813208818436,0.013445813208818436,0.013445813208818436
2020-08-22 23:00:00,0.0076150930339426,0.010190697386860847,0.010190697386860847,0.010190697386860847
2020-08-23 00:00:00,0.0064470237265163,0.006379909813404083,0.006379909813404083,0.006379909813404083
2020-08-23 01:00:00,0.0056846474888897,0.006536716595292091,0.006536716595292091,0.006536716595292091
2020-08-23 02:00:00,0.00595444946959,0.0059990789741277695,0.0059990789741277695,0.0059990789741277695
2020-08-23 03:00:00,0.0058389379179375,0.0055975113064050674,0.0055975113064050674,0.0055975113064050674
2020-08-23 04:00:00,0.0110097299971372,0.007709817960858345,0.007709817960858345,0.007709817960858345
2020-08-23 05:00:00,0.0177627002941796,0.017645573243498802,0.017645573243498802,0.017645573243498802
2020-08-23 06:00:00,0.0243022217463186,0.024477064609527588,0.024477064609527588,0.024477064609527588
2020-08-23 07:00:00,0.0345105550796573,0.02629702351987362,0.02629702351987362,0.02629702351987362
2020-08-23 08:00:00,0.030428459370083,0.029365260154008865,0.029365260154008865,0.029365260154008865
2020-08-23 09:00:00,0.032023343859018,0.03162519261240959,0.03162519261240959,0.03162519261240959
2020-08-23 10:00:00,0.0301976720056279,0.029717763885855675,0.029717763885855675,0.029717763885855675
2020-08-23 11:00:00,0.0275761373521714,0.029666520655155182,0.029666520655155182,0.029666520655155182
2020-08-23 12:00:00,0.023210051250121,0.029371241107583046,0.029371241107583046,0.029371241107583046
2020-08-23 13:00:00,0.0302100512496325,0.02701226808130741,0.02701226808130741,0.02701226808130741
2020-08-23 14:00:00,0.0249889291374139,0.02555146813392639,0.02555146813392639,0.02555146813392639
2020-08-23 15:00:00,0.0286528848187002,0.030125461518764496,0.030125461518764496,0.030125461518764496
2020-08-23 16:00:00,0.0252806075909777,0.02985362522304058,0.02985362522304058,0.02985362522304058
2020-08-23 17:00:00,0.0268571045263844,0.03402980417013168,0.03402980417013168,0.03402980417013168
2020-08-23 18:00:00,0.0328760814245657,0.026877952739596367,0.026877952739596367,0.026877952739596367
2020-08-23 19:00:00,0.0257108586517969,0.023120013996958733,0.023120013996958733,0.023120013996958733
2020-08-23 20:00:00,0.018380000565992,0.017303697764873505,0.017303697764873505,0.017303697764873505
2020-08-23 21:00:00,0.012184456012028,0.017895560711622238,0.017895560711622238,0.017895560711622238
2020-08-23 22:00:00,0.0114385814240706,0.010404637083411217,0.010404637083411217,0.010404637083411217
2020-08-23 23:00:00,0.0055029378597222,0.010737404227256775,0.010737404227256775,0.010737404227256775
2020-08-24 00:00:00,0.0037257101379362,0.004845300689339638,0.004845300689339638,0.004845300689339638
2020-08-24 01:00:00,0.0033981841151195,0.005709569901227951,0.005709569901227951,0.005709569901227951
2020-08-24 02:00:00,0.006713365633264,0.006002390757203102,0.006002390757203102,0.006002390757203102
2020-08-24 03:00:00,0.0093785884060316,0.010894885286688805,0.010894885286688805,0.010894885286688805
2020-08-24 04:00:00,0.032489974544157,0.02155401185154915,0.02155401185154915,0.02155401185154915
2020-08-24 05:00:00,0.0339738854352481,0.03330281749367714,0.03330281749367714,0.03330281749367714
2020-08-24 06:00:00,0.0425625818048729,0.03565574064850807,0.03565574064850807,0.03565574064850807
2020-08-24 07:00:00,0.038201325942453,0.03900843858718872,0.03900843858718872,0.03900843858718872
2020-08-24 08:00:00,0.0404822665365106,0.04176485538482666,0.04176485538482666,0.04176485538482666
2020-08-24 09:00:00,0.0417660949193574,0.044476646929979324,0.044476646929979324,0.044476646929979324
2020-08-24 10:00:00,0.0428902698373395,0.04423048347234726,0.04423048347234726,0.04423048347234726
2020-08-24 11:00:00,0.047687299539814,0.04354681819677353,0.04354681819677353,0.04354681819677353
2020-08-24 12:00:00,0.0316134546553172,0.03897576406598091,0.03897576406598091,0.03897576406598091
2020-08-24 13:00:00,0.0312132896388274,0.0397559255361557,0.0397559255361557,0.0397559255361557
2020-08-24 14:00:00,0.0416640322135826,0.03758230805397034,0.03758230805397034,0.03758230805397034
2020-08-24 15:00:00,0.0320311939292375,0.035700008273124695,0.035700008273124695,0.035700008273124695
2020-08-24 16:00:00,0.0358756658769487,0.03851856663823128,0.03851856663823128,0.03851856663823128
2020-08-24 17:00:00,0.0301439827081316,0.030566059052944183,0.030566059052944183,0.030566059052944183
2020-08-24 18:00:00,0.0259525635662135,0.026891076937317848,0.026891076937317848,0.026891076937317848
2020-08-24 19:00:00,0.0263545437642352,0.022008171305060387,0.022008171305060387,0.022008171305060387
2020-08-24 20:00:00,0.0167332566360122,0.02019151672720909,0.02019151672720909,0.02019151672720909
2020-08-24 21:00:00,0.0153941477256261,0.013055354356765747,0.013055354356765747,0.013055354356765747
2020-08-24 22:00:00,0.0095126041861596,0.009176552295684814,0.009176552295684814,0.009176552295684814
2020-08-24 23:00:00,0.0066495678820346,0.004469448700547218,0.004469448700547218,0.004469448700547218
2020-08-25 00:00:00,0.0036685447807041,0.004735587164759636,0.004735587164759636,0.004735587164759636
2020-08-25 01:00:00,0.003663594285172,0.0053710173815488815,0.0053710173815488815,0.0053710173815488815
2020-08-25 02:00:00,0.0054288583110792,0.008381415158510208,0.008381415158510208,0.008381415158510208
2020-08-25 03:00:00,0.0087423896651938,0.010805394500494003,0.010805394500494003,0.010805394500494003
2020-08-25 04:00:00,0.0330980002252768,0.028172608464956284,0.028172608464956284,0.028172608464956284
2020-08-25 05:00:00,0.0275105414793923,0.033817108720541,0.033817108720541,0.033817108720541
2020-08-25 06:00:00,0.0353562510513311,0.03886526823043823,0.03886526823043823,0.03886526823043823
2020-08-25 07:00:00,0.0364412345487067,0.038385920226573944,0.038385920226573944,0.038385920226573944
2020-08-25 08:00:00,0.0472331487401116,0.044659316539764404,0.044659316539764404,0.044659316539764404
2020-08-25 09:00:00,0.0384072411498583,0.04241019859910011,0.04241019859910011,0.04241019859910011
2020-08-25 10:00:00,0.0418659870239439,0.044525425881147385,0.044525425881147385,0.044525425881147385
2020-08-25 11:00:00,0.0382671675266143,0.03951922804117203,0.03951922804117203,0.03951922804117203
2020-08-25 12:00:00,0.0361689827081285,0.035642508417367935,0.035642508417367935,0.035642508417367935
2020-08-25 13:00:00,0.0303386963696326,0.035130612552165985,0.035130612552165985,0.035130612552165985
2020-08-25 14:00:00,0.0313259075907626,0.031530462205410004,0.031530462205410004,0.031530462205410004
2020-08-25 15:00:00,0.0286749174917536,0.03777405619621277,0.03777405619621277,0.03777405619621277
2020-08-25 16:00:00,0.0252194719476857,0.029934700578451157,0.029934700578451157,0.029934700578451157
2020-08-25 17:00:00,0.0341027227722824,0.03109803795814514,0.03109803795814514,0.03109803795814514
2020-08-25 18:00:00,0.0252512376237534,0.02696680836379528,0.02696680836379528,0.02696680836379528
2020-08-25 19:00:00,0.0237768151815181,0.024912623688578606,0.024912623688578606,0.024912623688578606
2020-08-25 20:00:00,0.0174979372937275,0.01994730904698372,0.01994730904698372,0.01994730904698372
2020-08-25 21:00:00,0.0102524752480232,0.010452182963490486,0.010452182963490486,0.010452182963490486
2020-08-25 22:00:00,0.0086397925506861,0.009095372632145882,0.009095372632145882,0.009095372632145882
2020-08-25 23:00:00,0.0045993635077787,0.006274819374084473,0.006274819374084473,0.006274819374084473
2020-08-26 00:00:00,0.004693422914218,0.004080949351191521,0.004080949351191521,0.004080949351191521
2020-08-26 01:00:00,0.0034211456859912,0.004359615966677666,0.004359615966677666,0.004359615966677666
2020-08-26 02:00:00,0.0041714757189998,0.004884563386440277,0.004884563386440277,0.004884563386440277
2020-08-26 03:00:00,0.0093191654879771,0.007387449964880943,0.007387449964880943,0.007387449964880943
2020-08-26 04:00:00,0.0202927628477203,0.019919881597161293,0.019919881597161293,0.019919881597161293
2020-08-26 05:00:00,0.0314511786892957,0.029830466955900192,0.029830466955900192,0.029830466955900192
2020-08-26 06:00:00,0.0306285714285772,0.037238460034132004,0.037238460034132004,0.037238460034132004
2020-08-26 07:00:00,0.0475737859500097,0.03854173421859741,0.03854173421859741,0.03854173421859741
2020-08-26 08:00:00,0.0429277463460697,0.046879157423973083,0.046879157423973083,0.046879157423973083
2020-08-26 09:00:00,0.0389840994813669,0.037575747817754745,0.037575747817754745,0.037575747817754745
2020-08-26 10:00:00,0.0374061881188226,0.03546071797609329,0.03546071797609329,0.03546071797609329
2020-08-26 11:00:00,0.0420113861386078,0.03955627605319023,0.03955627605319023,0.03955627605319023
2020-08-26 12:00:00,0.0284561056105702,0.03429357707500458,0.03429357707500458,0.03429357707500458
2020-08-26 13:00:00,0.04047268976897,0.0357079952955246,0.0357079952955246,0.0357079952955246
2020-08-26 14:00:00,0.0316010426042634,0.033886801451444626,0.033886801451444626,0.033886801451444626
2020-08-26 15:00:00,0.028608880888086,0.03572901710867882,0.03572901710867882,0.03572901710867882
2020-08-26 16:00:00,0.033587428742879,0.03214485943317413,0.03214485943317413,0.03214485943317413
2020-08-26 17:00:00,0.0326419902704543,0.02930716797709465,0.02930716797709465,0.02930716797709465
2020-08-26 18:00:00,0.028696445716004,0.02514474280178547,0.02514474280178547,0.02514474280178547
2020-08-26 19:00:00,0.0208767851785173,0.024571070447564125,0.024571070447564125,0.024571070447564125
2020-08-26 20:00:00,0.016649769619817,0.02085426077246666,0.02085426077246666,0.02085426077246666
2020-08-26 21:00:00,0.0119681562666715,0.013529795221984386,0.013529795221984386,0.013529795221984386
2020-08-26 22:00:00,0.0080660110516538,0.010959569364786148,0.010959569364786148,0.010959569364786148
2020-08-26 23:00:00,0.0055255820087535,0.005125461146235466,0.005125461146235466,0.005125461146235466
2020-08-27 00:00:00,0.0045556975212891,0.006391949951648712,0.006391949951648712,0.006391949951648712
2020-08-27 01:00:00,0.004443186269179,0.006057873368263245,0.006057873368263245,0.006057873368263245
2020-08-27 02:00:00,0.0044947539259332,0.004927555099129677,0.004927555099129677,0.004927555099129677
2020-08-27 03:00:00,0.0234329906072507,0.011842146515846252,0.011842146515846252,0.011842146515846252
2020-08-27 04:00:00,0.0435744922569138,0.021581308916211128,0.021581308916211128,0.021581308916211128
2020-08-27 05:00:00,0.0508764724554399,0.0376075804233551,0.0376075804233551,0.0376075804233551
2020-08-27 06:00:00,0.0536607133790299,0.040303997695446014,0.040303997695446014,0.040303997695446014
2020-08-27 07:00:00,0.0436706430681443,0.04481535777449608,0.04481535777449608,0.04481535777449608
2020-08-27 08:00:00,0.039041930196365,0.04311038553714752,0.04311038553714752,0.04311038553714752
2020-08-27 09:00:00,0.0472795539587415,0.04522556811571121,0.04522556811571121,0.04522556811571121
2020-08-27 10:00:00,0.0393774214382956,0.040322087705135345,0.040322087705135345,0.040322087705135345
2020-08-27 11:00:00,0.0377317943750785,0.04183930903673172,0.04183930903673172,0.04183930903673172
2020-08-27 12:00:00,0.0413911060205399,0.03494724631309509,0.03494724631309509,0.03494724631309509
2020-08-27 13:00:00,0.031628317241665,0.03630327060818672,0.03630327060818672,0.03630327060818672
2020-08-27 14:00:00,0.028662970707507,0.0331888422369957,0.0331888422369957,0.0331888422369957
2020-08-27 15:00:00,0.0264220466145944,0.034900516271591187,0.034900516271591187,0.034900516271591187
2020-08-27 16:00:00,0.0301992743373812,0.030120259150862694,0.030120259150862694,0.030120259150862694
2020-08-27 17:00:00,0.0308945713675625,0.03422417491674423,0.03422417491674423,0.03422417491674423
2020-08-27 18:00:00,0.0254849179017235,0.029986988753080368,0.029986988753080368,0.029986988753080368
2020-08-27 19:00:00,0.029338305026665,0.021693304181098938,0.021693304181098938,0.021693304181098938
2020-08-27 20:00:00,0.020326753871025,0.01821257174015045,0.01821257174015045,0.01821257174015045
2020-08-27 21:00:00,0.0121043941350672,0.014038621447980404,0.014038621447980404,0.014038621447980404
2020-08-27 22:00:00,0.0102681730129533,0.00696677528321743,0.00696677528321743,0.00696677528321743
2020-08-27 23:00:00,0.0063213908347337,0.005402537062764168,0.005402537062764168,0.005402537062764168
2020-08-28 00:00:00,0.0053873974354006,0.003889080137014389,0.003889080137014389,0.003889080137014389
2020-08-28 01:00:00,0.0042166053561857,0.003301164135336876,0.003301164135336876,0.003301164135336876
2020-08-28 02:00:00,0.004875021197778,0.0049368999898433685,0.0049368999898433685,0.0049368999898433685
2020-08-28 03:00:00,0.0099682555212014,0.013074342161417007,0.013074342161417007,0.013074342161417007
2020-08-28 04:00:00,0.0284237010657459,0.02746819332242012,0.02746819332242012,0.02746819332242012
2020-08-28 05:00:00,0.027349443640028,0.03485381603240967,0.03485381603240967,0.03485381603240967
2020-08-28 06:00:00,0.0475123762376228,0.03863568976521492,0.03863568976521492,0.03863568976521492
2020-08-28 07:00:00,0.0448145214521366,0.05102558061480522,0.05102558061480522,0.05102558061480522
2020-08-28 08:00:00,0.0430174917491808,0.04838722571730614,0.04838722571730614,0.04838722571730614
2020-08-28 09:00:00,0.0355405940594061,0.04646455496549606,0.04646455496549606,0.04646455496549606
2020-08-28 10:00:00,0.0424844884488424,0.04206037521362305,0.04206037521362305,0.04206037521362305
2020-08-28 11:00:00,0.0372179867986856,0.04884041100740433,0.04884041100740433,0.04884041100740433
2020-08-28 12:00:00,0.037023927392734,0.03525726497173309,0.03525726497173309,0.03525726497173309
2020-08-28 13:00:00,0.0302615511551161,0.03370211273431778,0.03370211273431778,0.03370211273431778
2020-08-28 14:00:00,0.0316097359735941,0.02411123365163803,0.02411123365163803,0.02411123365163803
2020-08-28 15:00:00,0.0336522277227769,0.030482294037938118,0.030482294037938118,0.030482294037938118
2020-08-28 16:00:00,0.026970984598457,0.03193210810422897,0.03193210810422897,0.03193210810422897
2020-08-28 17:00:00,0.0255427667766823,0.030216537415981293,0.030216537415981293,0.030216537415981293
2020-08-28 18:00:00,0.0219412816281692,0.025115620344877243,0.025115620344877243,0.025115620344877243
2020-08-28 19:00:00,0.0274524202420119,0.020988542586565018,0.020988542586565018,0.020988542586565018
2020-08-28 20:00:00,0.0179326182618244,0.02109714411199093,0.02109714411199093,0.02109714411199093
2020-08-28 21:00:00,0.0120572057205749,0.012791597284376621,0.012791597284376621,0.012791597284376621
2020-08-28 22:00:00,0.0095869086913719,0.008547516539692879,0.008547516539692879,0.008547516539692879
2020-08-28 23:00:00,0.006831958195815,0.007407024502754211,0.007407024502754211,0.007407024502754211
2020-08-29 00:00:00,0.0041438393849318,0.0030624624341726303,0.0030624624341726303,0.0030624624341726303
2020-08-29 01:00:00,0.0032466996699627,0.0038555599749088287,0.0038555599749088287,0.0038555599749088287
2020-08-29 02:00:00,0.0034249174922449,0.004020193591713905,0.004020193591713905,0.004020193591713905
2020-08-29 03:00:00,0.0049545025936089,0.005475424230098724,0.005475424230098724,0.005475424230098724
2020-08-29 04:00:00,0.008092291372492,0.008275708183646202,0.008275708183646202,0.008275708183646202
2020-08-29 05:00:00,0.016014733616711,0.017447322607040405,0.017447322607040405,0.017447322607040405
2020-08-29 06:00:00,0.0276047310775053,0.026059629395604134,0.026059629395604134,0.026059629395604134
2020-08-29 07:00:00,0.0277052261270159,0.030005209147930145,0.030005209147930145,0.030005209147930145
2020-08-29 08:00:00,0.0256258531902047,0.035770170390605927,0.035770170390605927,0.035770170390605927
2020-08-29 09:00:00,0.0328676023656237,0.03369639441370964,0.03369639441370964,0.03369639441370964
2020-08-29 10:00:00,0.0316895024117759,0.032675012946128845,0.032675012946128845,0.032675012946128845
2020-08-29 11:00:00,0.0240880172632592,0.029426468536257744,0.029426468536257744,0.029426468536257744
2020-08-29 12:00:00,0.0253957730388441,0.029526691883802414,0.029526691883802414,0.029526691883802414
2020-08-29 13:00:00,0.0257573241949519,0.029583081603050232,0.029583081603050232,0.029583081603050232
2020-08-29 14:00:00,0.0233984133028716,0.025960031896829605,0.025960031896829605,0.025960031896829605
2020-08-29 15:00:00,0.0281838918507186,0.03000914305448532,0.03000914305448532,0.03000914305448532
2020-08-29 16:00:00,0.0228265721901863,0.0291364174336195,0.0291364174336195,0.0291364174336195
2020-08-29 17:00:00,0.0273494206298634,0.03168592229485512,0.03168592229485512,0.03168592229485512
2020-08-29 18:00:00,0.0263807737641984,0.02360791154205799,0.02360791154205799,0.02360791154205799
2020-08-29 19:00:00,0.0172916648532952,0.021947894245386124,0.021947894245386124,0.021947894245386124
2020-08-29 20:00:00,0.017586219308744,0.0204511359333992,0.0204511359333992,0.0204511359333992
2020-08-29 21:00:00,0.0136093216189805,0.014314386993646622,0.014314386993646622,0.014314386993646622
2020-08-29 22:00:00,0.0085598166684788,0.00926833413541317,0.00926833413541317,0.00926833413541317
2020-08-29 23:00:00,0.0073886709824814,0.004660390317440033,0.004660390317440033,0.004660390317440033
2020-08-30 00:00:00,0.0052801726326483,0.006154932081699371,0.006154932081699371,0.006154932081699371
2020-08-30 01:00:00,0.0044138359994747,0.0061423685401678085,0.0061423685401678085,0.0061423685401678085
2020-08-30 02:00:00,0.0039158161970101,0.0051369816064834595,0.0051369816064834595,0.0051369816064834595
2020-08-30 03:00:00,0.0034683150183117,0.006145758554339409,0.006145758554339409,0.006145758554339409
2020-08-30 04:00:00,0.0092152504266392,0.011054744012653828,0.011054744012653828,0.011054744012653828
2020-08-30 05:00:00,0.0180778741890131,0.016420777887105942,0.016420777887105942,0.016420777887105942
2020-08-30 06:00:00,0.0219436396112196,0.026155905798077583,0.026155905798077583,0.026155905798077583
2020-08-30 07:00:00,0.0326050257498155,0.030658498406410217,0.030658498406410217,0.030658498406410217
2020-08-30 08:00:00,0.0279952263088393,0.03168264403939247,0.03168264403939247,0.03168264403939247
2020-08-30 09:00:00,0.0359477840641314,0.03290259838104248,0.03290259838104248,0.03290259838104248
2020-08-30 10:00:00,0.0292939886845736,0.033123210072517395,0.033123210072517395,0.033123210072517395
2020-08-30 11:00:00,0.0230972065068612,0.029118960723280907,0.029118960723280907,0.029118960723280907
2020-08-30 12:00:00,0.0299264144271591,0.030413318425416946,0.030413318425416946,0.030413318425416946
2020-08-30 13:00:00,0.0255264556812764,0.02363610826432705,0.02363610826432705,0.02363610826432705
2020-08-30 14:00:00,0.0217558286185795,0.03239431604743004,0.03239431604743004,0.03239431604743004
2020-08-30 15:00:00,0.0232268682225393,0.026546772569417953,0.026546772569417953,0.026546772569417953
2020-08-30 16:00:00,0.0273795084865591,0.03382154554128647,0.03382154554128647,0.03382154554128647
2020-08-30 17:00:00,0.0295156471004237,0.027222923934459686,0.027222923934459686,0.027222923934459686
2020-08-30 18:00:00,0.0291224952857399,0.026899268850684166,0.026899268850684166,0.026899268850684166
2020-08-30 19:00:00,0.025242957331449,0.02217419072985649,0.02217419072985649,0.02217419072985649
2020-08-30 20:00:00,0.0175919672324338,0.018119152635335922,0.018119152635335922,0.018119152635335922
2020-08-30 21:00:00,0.0145147925511816,0.013815692625939846,0.013815692625939846,0.013815692625939846
2020-08-30 22:00:00,0.0077701555869941,0.009997693821787834,0.009997693821787834,0.009997693821787834
2020-08-30 23:00:00,0.0054533239038177,0.00675971619784832,0.00675971619784832,0.00675971619784832
2020-08-31 00:00:00,0.0047280763795607,0.0025158915668725967,0.0025158915668725967,0.0025158915668725967
2020-08-31 01:00:00,0.0037538307407082,0.005423363298177719,0.005423363298177719,0.005423363298177719
2020-08-31 02:00:00,0.0047835337105141,0.0049783289432525635,0.0049783289432525635,0.0049783289432525635
2020-08-31 03:00:00,0.0092290782654621,0.013229234144091606,0.013229234144091606,0.013229234144091606
2020-08-31 04:00:00,0.0229982909005176,0.03383477032184601,0.03383477032184601,0.03383477032184601
2020-08-31 05:00:00,0.035967350306457,0.037734027951955795,0.037734027951955795,0.037734027951955795
2020-08-31 06:00:00,0.0357920202739616,0.047516606748104095,0.047516606748104095,0.047516606748104095
2020-08-31 07:00:00,0.0418897100424295,0.05136507749557495,0.05136507749557495,0.05136507749557495
2020-08-31 08:00:00,0.0360483509065187,0.04309406131505966,0.04309406131505966,0.04309406131505966
2020-08-31 09:00:00,0.0441547865505708,0.03983834385871887,0.03983834385871887,0.03983834385871887
2020-08-31 10:00:00,0.034103631434582,0.04004860296845436,0.04004860296845436,0.04004860296845436
2020-08-31 11:00:00,0.0419860571771422,0.03389022871851921,0.03389022871851921,0.03389022871851921
2020-08-31 12:00:00,0.0344535489263214,0.03659000247716904,0.03659000247716904,0.03659000247716904
2020-08-31 13:00:00,0.0332670802794596,0.036168135702610016,0.036168135702610016,0.036168135702610016
2020-08-31 14:00:00,0.0393042089923226,0.03782663494348526,0.03782663494348526,0.03782663494348526
2020-08-31 15:00:00,0.0276437304444689,0.03433781862258911,0.03433781862258911,0.03433781862258911
2020-08-31 16:00:00,0.0310502898504142,0.032696954905986786,0.032696954905986786,0.032696954905986786
2020-08-31 17:00:00,0.0302334581672436,0.03427736833691597,0.03427736833691597,0.03427736833691597
2020-08-31 18:00:00,0.0278980621276491,0.028515052050352097,0.028515052050352097,0.028515052050352097
2020-08-31 19:00:00,0.0217798503064519,0.021989447996020317,0.021989447996020317,0.021989447996020317
2020-08-31 20:00:00,0.0170488272046426,0.02023077942430973,0.02023077942430973,0.02023077942430973
2020-08-31 21:00:00,0.0113158003305371,0.012372170574963093,0.012372170574963093,0.012372170574963093
2020-08-31 22:00:00,0.0086491336638554,0.008870488032698631,0.008870488032698631,0.008870488032698631
2020-08-31 23:00:00,0.0013356023330087,0.0054068975150585175,0.0054068975150585175,0.0054068975150585175
2020-09-01 00:00:00,0.0135090169736193,0.0011809002608060837,0.0011809002608060837,0.0011809002608060837
2020-09-01 01:00:00,0.0045403701084369,0.003681955859065056,0.003681955859065056,0.003681955859065056
2020-09-01 02:00:00,0.0051319542668599,0.003843829035758972,0.003843829035758972,0.003843829035758972
2020-09-01 03:00:00,0.0093943305049722,0.010659804567694664,0.010659804567694664,0.010659804567694664
2020-09-01 04:00:00,0.0231323668081063,0.022432992234826088,0.022432992234826088,0.022432992234826088
2020-09-01 05:00:00,0.0350407826496929,0.03532221168279648,0.03532221168279648,0.03532221168279648
2020-09-01 06:00:00,0.0309293965110771,0.035163234919309616,0.035163234919309616,0.035163234919309616
2020-09-01 07:00:00,0.0389244018151852,0.04154988378286362,0.04154988378286362,0.04154988378286362
2020-09-01 08:00:00,0.0323031146864715,0.043983060866594315,0.043983060866594315,0.043983060866594315
2020-09-01 09:00:00,0.0323311674917461,0.03494827076792717,0.03494827076792717,0.03494827076792717
2020-09-01 10:00:00,0.0279829826732743,0.031316764652729034,0.031316764652729034,0.031316764652729034
2020-09-01 11:00:00,0.0318856229372885,0.03404157608747482,0.03404157608747482,0.03404157608747482
2020-09-01 12:00:00,0.0326306724422417,0.04043019562959671,0.04043019562959671,0.04043019562959671
2020-09-01 13:00:00,0.0380894183168319,0.038756050169467926,0.038756050169467926,0.038756050169467926
2020-09-01 14:00:00,0.0274702764026418,0.0336185097694397,0.0336185097694397,0.0336185097694397
2020-09-01 15:00:00,0.0324867780528088,0.03284379839897156,0.03284379839897156,0.03284379839897156
2020-09-01 16:00:00,0.0327219265676517,0.03183402493596077,0.03183402493596077,0.03183402493596077
2020-09-01 17:00:00,0.029321142739269,0.03497624024748802,0.03497624024748802,0.03497624024748802
2020-09-01 18:00:00,0.0248137169967015,0.025785405188798904,0.025785405188798904,0.025785405188798904
2020-09-01 19:00:00,0.0244902846534636,0.023005569353699684,0.023005569353699684,0.023005569353699684
2020-09-01 20:00:00,0.0202831889438997,0.022174594923853874,0.022174594923853874,0.022174594923853874
2020-09-01 21:00:00,0.012563716997191,0.011078253388404846,0.011078253388404846,0.011078253388404846
2020-09-01 22:00:00,0.0068528494813793,0.007283354178071022,0.007283354178071022,0.007283354178071022
2020-09-01 23:00:00,0.0043690417256032,0.005271760746836662,0.005271760746836662,0.005271760746836662
2020-09-02 00:00:00,0.0036918552574459,0.007151521742343903,0.007151521742343903,0.007151521742343903
2020-09-02 01:00:00,0.0034919790193308,0.006579333916306496,0.006579333916306496,0.006579333916306496
2020-09-02 02:00:00,0.0052197017916095,0.007845671847462654,0.007845671847462654,0.007845671847462654
2020-09-02 03:00:00,0.0134383486562983,0.009380554780364037,0.009380554780364037,0.009380554780364037
2020-09-02 04:00:00,0.0261058404054681,0.01962788961827755,0.01962788961827755,0.01962788961827755
2020-09-02 05:00:00,0.0300334845984538,0.03612443059682846,0.03612443059682846,0.03612443059682846
2020-09-02 06:00:00,0.0408461908690873,0.03857426717877388,0.03857426717877388,0.03857426717877388
2020-09-02 07:00:00,0.0383978174603317,0.034606773406267166,0.034606773406267166,0.034606773406267166
2020-09-02 08:00:00,0.0342543768662522,0.04016226530075073,0.04016226530075073,0.04016226530075073
2020-09-02 09:00:00,0.0376154093980811,0.036795321851968765,0.036795321851968765,0.036795321851968765
2020-09-02 10:00:00,0.0348113664937947,0.037915125489234924,0.037915125489234924,0.037915125489234924
2020-09-02 11:00:00,0.0346508879459324,0.03548528626561165,0.03548528626561165,0.03548528626561165
2020-09-02 12:00:00,0.035779600817228,0.03813111037015915,0.03813111037015915,0.03813111037015915
2020-09-02 13:00:00,0.0384937922363632,0.036514319479465485,0.036514319479465485,0.036514319479465485
2020-09-02 14:00:00,0.0285611150400744,0.029145311564207077,0.029145311564207077,0.029145311564207077
2020-09-02 15:00:00,0.0300571192833574,0.03295170143246651,0.03295170143246651,0.03295170143246651
2020-09-02 16:00:00,0.0309473833097578,0.03858253359794617,0.03858253359794617,0.03858253359794617
2020-09-02 17:00:00,0.0276082743988649,0.03331669420003891,0.03331669420003891,0.03331669420003891
2020-09-02 18:00:00,0.0280685054219712,0.02148149535059929,0.02148149535059929,0.02148149535059929
2020-09-02 19:00:00,0.0220718057520035,0.021461140364408493,0.021461140364408493,0.021461140364408493
2020-09-02 20:00:00,0.0175084394153704,0.01974302902817726,0.01974302902817726,0.01974302902817726
2020-09-02 21:00:00,0.0127382838283836,0.012699073180556297,0.012699073180556297,0.012699073180556297
2020-09-02 22:00:00,0.0077589108910889,0.010119564831256866,0.010119564831256866,0.010119564831256866
2020-09-02 23:00:00,0.0052285478547905,0.007360776886343956,0.007360776886343956,0.007360776886343956
2020-09-03 00:00:00,0.0034284535601356,0.005458220839500427,0.005458220839500427,0.005458220839500427
2020-09-03 01:00:00,0.0038838991042011,0.004154430702328682,0.004154430702328682,0.004154430702328682
2020-09-03 02:00:00,0.0035439651107903,0.005722673609852791,0.005722673609852791,0.005722673609852791
2020-09-03 03:00:00,0.0140513908533696,0.008047511801123619,0.008047511801123619,0.008047511801123619
2020-09-03 04:00:00,0.0267914898632771,0.01969170942902565,0.01969170942902565,0.01969170942902565
2020-09-03 05:00:00,0.0335538661008957,0.033556628972291946,0.033556628972291946,0.033556628972291946
2020-09-03 06:00:00,0.0381423149457836,0.03564292564988136,0.03564292564988136,0.03564292564988136
2020-09-03 07:00:00,0.0318396746817555,0.04164976626634598,0.04164976626634598,0.04164976626634598
2020-09-03 08:00:00,0.0439147571899947,0.043889276683330536,0.043889276683330536,0.043889276683330536
2020-09-03 09:00:00,0.0354287835931494,0.03642670065164566,0.03642670065164566,0.03642670065164566
2020-09-03 10:00:00,0.0335991285117456,0.03943725302815437,0.03943725302815437,0.03943725302815437
2020-09-03 11:00:00,0.0338671153104285,0.03487101569771767,0.03487101569771767,0.03487101569771767
2020-09-03 12:00:00,0.0326478908879964,0.037898413836956024,0.037898413836956024,0.037898413836956024
2020-09-03 13:00:00,0.0359102671260975,0.03553664684295654,0.03553664684295654,0.03553664684295654
2020-09-03 14:00:00,0.0332918088512266,0.031022371724247932,0.031022371724247932,0.031022371724247932
2020-09-03 15:00:00,0.028259218092139,0.03062569536268711,0.03062569536268711,0.03062569536268711
2020-09-03 16:00:00,0.026198161986535,0.025380004197359085,0.025380004197359085,0.025380004197359085
2020-09-03 17:00:00,0.0298883435051689,0.02574141137301922,0.02574141137301922,0.02574141137301922
2020-09-03 18:00:00,0.0229188715574893,0.02334517054259777,0.02334517054259777,0.02334517054259777
2020-09-03 19:00:00,0.0186490695772969,0.021381642669439316,0.021381642669439316,0.021381642669439316
2020-09-03 20:00:00,0.0178543501053246,0.015216994099318981,0.015216994099318981,0.015216994099318981
2020-09-03 21:00:00,0.0137434247270957,0.0115030063316226,0.0115030063316226,0.0115030063316226
2020-09-03 22:00:00,0.0070874841330251,0.007262561470270157,0.007262561470270157,0.007262561470270157
2020-09-03 23:00:00,0.0052465346534678,0.00522536039352417,0.00522536039352417,0.00522536039352417
2020-09-04 00:00:00,0.0033034653465299,0.003771914169192314,0.003771914169192314,0.003771914169192314
2020-09-04 01:00:00,0.003570792079216,0.003880016505718231,0.003880016505718231,0.003880016505718231
2020-09-04 02:00:00,0.0046450495049452,0.004654783755540848,0.004654783755540848,0.004654783755540848
2020-09-04 03:00:00,0.0266037953795323,0.009661411866545677,0.009661411866545677,0.009661411866545677
2020-09-04 04:00:00,0.0402985148514839,0.022881880402565002,0.022881880402565002,0.022881880402565002
2020-09-04 05:00:00,0.0453821782178271,0.03234544023871422,0.03234544023871422,0.03234544023871422
2020-09-04 06:00:00,0.0410259075907474,0.03744404390454292,0.03744404390454292,0.03744404390454292
2020-09-04 07:00:00,0.0480052805280555,0.037802793085575104,0.037802793085575104,0.037802793085575104
2020-09-04 08:00:00,0.0496132013201344,0.03807323798537254,0.03807323798537254,0.03807323798537254
2020-09-04 09:00:00,0.038044719471944,0.03971629589796066,0.03971629589796066,0.03971629589796066
2020-09-04 10:00:00,0.0371974422442349,0.036299578845500946,0.036299578845500946,0.036299578845500946
2020-09-04 11:00:00,0.0416098184823292,0.03172583132982254,0.03172583132982254,0.03172583132982254
2020-09-04 12:00:00,0.03696377887839,0.03394675254821777,0.03394675254821777,0.03394675254821777
2020-09-04 13:00:00,0.0294404290429089,0.031509339809417725,0.031509339809417725,0.031509339809417725
2020-09-04 14:00:00,0.0318055280528093,0.03262560814619064,0.03262560814619064,0.03262560814619064
2020-09-04 15:00:00,0.0246376237623689,0.029062509536743164,0.029062509536743164,0.029062509536743164
2020-09-04 16:00:00,0.0289975247524782,0.03296084702014923,0.03296084702014923,0.03296084702014923
2020-09-04 17:00:00,0.0277986209335243,0.024510622024536133,0.024510622024536133,0.024510622024536133
2020-09-04 18:00:00,0.0209795890308271,0.02102561667561531,0.02102561667561531,0.02102561667561531
2020-09-04 19:00:00,0.0210798365555766,0.02038690447807312,0.02038690447807312,0.02038690447807312
2020-09-04 20:00:00,0.0188285989313198,0.015341652557253838,0.015341652557253838,0.015341652557253838
2020-09-04 21:00:00,0.0139127573481492,0.013875718228518963,0.013875718228518963,0.013875718228518963
2020-09-04 22:00:00,0.007892955366971,0.011556779034435749,0.011556779034435749,0.011556779034435749
2020-09-04 23:00:00,0.0067320642778567,0.004698704928159714,0.004698704928159714,0.004698704928159714
2020-09-05 00:00:00,0.0034185918601702,0.004112306982278824,0.004112306982278824,0.004112306982278824
2020-09-05 01:00:00,0.0037973047304798,0.0035361777991056442,0.0035361777991056442,0.0035361777991056442
2020-09-05 02:00:00,0.0038905390539021,0.003507060930132866,0.003507060930132866,0.003507060930132866
2020-09-05 03:00:00,0.0043531353140217,0.005471548065543175,0.005471548065543175,0.005471548065543175
2020-09-05 04:00:00,0.0072070957095712,0.008368346840143204,0.008368346840143204,0.008368346840143204
2020-09-05 05:00:00,0.0176633663366436,0.015599808655679226,0.015599808655679226,0.015599808655679226
2020-09-05 06:00:00,0.0253382838283788,0.023666169494390488,0.023666169494390488,0.023666169494390488
2020-09-05 07:00:00,0.031415676567657,0.026915911585092545,0.026915911585092545,0.026915911585092545
2020-09-05 08:00:00,0.030737046204616,0.028754211962223053,0.028754211962223053,0.028754211962223053
2020-09-05 09:00:00,0.0316217409240969,0.028872830793261528,0.028872830793261528,0.028872830793261528
2020-09-05 10:00:00,0.0297745462046277,0.02723226509988308,0.02723226509988308,0.02723226509988308
2020-09-05 11:00:00,0.0234886551155054,0.026690620929002762,0.026690620929002762,0.026690620929002762
2020-09-05 12:00:00,0.0279100247524723,0.02624746598303318,0.02624746598303318,0.02624746598303318
2020-09-05 13:00:00,0.0241742574257439,0.024203013628721237,0.024203013628721237,0.024203013628721237
2020-09-05 14:00:00,0.0230620462051191,0.021327240392565727,0.021327240392565727,0.021327240392565727
2020-09-05 15:00:00,0.0224892739273872,0.021445075049996376,0.021445075049996376,0.021445075049996376
2020-09-05 16:00:00,0.0253780528057739,0.02231508120894432,0.02231508120894432,0.02231508120894432
2020-09-05 17:00:00,0.0261024752475278,0.021585170179605484,0.021585170179605484,0.021585170179605484
2020-09-05 18:00:00,0.024295544554456,0.018975820392370224,0.018975820392370224,0.018975820392370224
2020-09-05 19:00:00,0.0184547854790491,0.014665715396404266,0.014665715396404266,0.014665715396404266
2020-09-05 20:00:00,0.0132567656765667,0.016216035932302475,0.016216035932302475,0.016216035932302475
2020-09-05 21:00:00,0.0137466996699596,0.010002335533499718,0.010002335533499718,0.010002335533499718
2020-09-05 22:00:00,0.0077061056105679,0.00714951753616333,0.00714951753616333,0.00714951753616333
2020-09-05 23:00:00,0.0069437293729349,0.005079420283436775,0.005079420283436775,0.005079420283436775
2020-09-06 00:00:00,0.0049272277227713,0.004266912117600441,0.004266912117600441,0.004266912117600441
2020-09-06 01:00:00,0.0029445544554489,0.003975048661231995,0.003975048661231995,0.003975048661231995
2020-09-06 02:00:00,0.0033075907590772,0.004605775699019432,0.004605775699019432,0.004605775699019432
2020-09-06 03:00:00,0.0033892739273832,0.0061625465750694275,0.0061625465750694275,0.0061625465750694275
2020-09-06 04:00:00,0.0087506600660151,0.00863175094127655,0.00863175094127655,0.00863175094127655
2020-09-06 05:00:00,0.0155666666671559,0.015293138101696968,0.015293138101696968,0.015293138101696968
2020-09-06 06:00:00,0.0217729372937364,0.02731618471443653,0.02731618471443653,0.02731618471443653
2020-09-06 07:00:00,0.0274891089108878,0.02685563452541828,0.02685563452541828,0.02685563452541828
2020-09-06 08:00:00,0.0332786028602873,0.02741170860826969,0.02741170860826969,0.02741170860826969
2020-09-06 09:00:00,0.0322559130912996,0.026963435113430023,0.026963435113430023,0.026963435113430023
2020-09-06 10:00:00,0.0301676292629404,0.028751928359270096,0.028751928359270096,0.028751928359270096
2020-09-06 11:00:00,0.0257674642464193,0.02814434841275215,0.02814434841275215,0.02814434841275215
2020-09-06 12:00:00,0.0224357810781045,0.025187259539961815,0.025187259539961815,0.025187259539961815
2020-09-06 13:00:00,0.0203425467546773,0.021323714405298233,0.021323714405298233,0.021323714405298233
2020-09-06 14:00:00,0.0253937018701885,0.02298547327518463,0.02298547327518463,0.02298547327518463
2020-09-06 15:00:00,0.0246470022002218,0.028532275930047035,0.028532275930047035,0.028532275930047035
2020-09-06 16:00:00,0.0286866061606215,0.02844325080513954,0.02844325080513954,0.02844325080513954
2020-09-06 17:00:00,0.0273485973597288,0.027802087366580963,0.027802087366580963,0.027802087366580963
2020-09-06 18:00:00,0.0252421617161701,0.021561143919825554,0.021561143919825554,0.021561143919825554
2020-09-06 19:00:00,0.0216654290429016,0.018774740397930145,0.018774740397930145,0.018774740397930145
2020-09-06 20:00:00,0.0193807755775564,0.020178403705358505,0.020178403705358505,0.020178403705358505
2020-09-06 21:00:00,0.0143514851495154,0.013245832175016403,0.013245832175016403,0.013245832175016403
2020-09-06 22:00:00,0.0096485148514779,0.00826156884431839,0.00826156884431839,0.00826156884431839
2020-09-06 23:00:00,0.0035816831683146,0.005516801029443741,0.005516801029443741,0.005516801029443741
2020-09-07 00:00:00,0.003341584158909,0.0034675542265176773,0.0034675542265176773,0.0034675542265176773
2020-09-07 01:00:00,0.0029938118816878,0.002926591783761978,0.002926591783761978,0.002926591783761978
2020-09-07 02:00:00,0.0038631188118792,0.004466824233531952,0.004466824233531952,0.004466824233531952
2020-09-07 03:00:00,0.0100681518151805,0.01195223443210125,0.01195223443210125,0.01195223443210125
2020-09-07 04:00:00,0.0233478547854755,0.03374605253338814,0.03374605253338814,0.03374605253338814
2020-09-07 05:00:00,0.0343651815181454,0.03487623482942581,0.03487623482942581,0.03487623482942581
2020-09-07 06:00:00,0.0314875412541284,0.04398483783006668,0.04398483783006668,0.04398483783006668
2020-09-07 07:00:00,0.0405101485148541,0.038711655884981155,0.038711655884981155,0.038711655884981155
2020-09-07 08:00:00,0.0362601485153498,0.037751201540231705,0.037751201540231705,0.037751201540231705
2020-09-07 09:00:00,0.0354321782178195,0.03399667143821716,0.03399667143821716,0.03399667143821716
2020-09-07 10:00:00,0.0504614686468661,0.038697607815265656,0.038697607815265656,0.038697607815265656
2020-09-07 11:00:00,0.0390107260726117,0.03281974792480469,0.03281974792480469,0.03281974792480469
2020-09-07 12:00:00,0.0357986798679794,0.026114268228411674,0.026114268228411674,0.026114268228411674
2020-09-07 13:00:00,0.0319950495049476,0.031081970781087875,0.031081970781087875,0.031081970781087875
2020-09-07 14:00:00,0.0430000000000001,0.028754137456417084,0.028754137456417084,0.028754137456417084
2020-09-07 15:00:00,0.0298795379537943,0.03199479728937149,0.03199479728937149,0.03199479728937149
2020-09-07 16:00:00,0.0328473597359777,0.03160637989640236,0.03160637989640236,0.03160637989640236
2020-09-07 17:00:00,0.0283587458750784,0.02709062211215496,0.02709062211215496,0.02709062211215496
2020-09-07 18:00:00,0.0264643564356484,0.02323748730123043,0.02323748730123043,0.02323748730123043
2020-09-07 19:00:00,0.0210720297029686,0.020885514095425606,0.020885514095425606,0.020885514095425606
2020-09-07 20:00:00,0.0201438118811923,0.015549632720649242,0.015549632720649242,0.015549632720649242
2020-09-07 21:00:00,0.0123071782188105,0.01242213323712349,0.01242213323712349,0.01242213323712349
2020-09-07 22:00:00,0.0084170792079148,0.007716132327914238,0.007716132327914238,0.007716132327914238
2020-09-07 23:00:00,0.0045990099009913,0.004828654229640961,0.004828654229640961,0.004828654229640961
2020-09-08 00:00:00,0.0031064356445526,0.004015915095806122,0.004015915095806122,0.004015915095806122
2020-09-08 01:00:00,0.0037252475247555,0.004488388076424599,0.004488388076424599,0.004488388076424599
2020-09-08 02:00:00,0.0042037953800357,0.004587257280945778,0.004587257280945778,0.004587257280945778
2020-09-08 03:00:00,0.0070651815181523,0.018377970904111862,0.018377970904111862,0.018377970904111862
2020-09-08 04:00:00,0.023962871287132,0.03829042613506317,0.03829042613506317,0.03829042613506317
2020-09-08 05:00:00,0.0342301980197963,0.04420177638530731,0.04420177638530731,0.04420177638530731
2020-09-08 06:00:00,0.0342367986798779,0.04049336165189743,0.04049336165189743,0.04049336165189743
2020-09-08 07:00:00,0.0327202970297008,0.045641686767339706,0.045641686767339706,0.045641686767339706
2020-09-08 08:00:00,0.0392955445544488,0.04285199195146561,0.04285199195146561,0.04285199195146561
2020-09-08 09:00:00,0.032029042904292,0.049238480627536774,0.049238480627536774,0.049238480627536774
2020-09-08 10:00:00,0.0334127062706215,0.04504711180925369,0.04504711180925369,0.04504711180925369
2020-09-08 11:00:00,0.0371152640264145,0.0382092259824276,0.0382092259824276,0.0382092259824276
2020-09-08 12:00:00,0.0328128712871243,0.03378863260149956,0.03378863260149956,0.03378863260149956
2020-09-08 13:00:00,0.0271472772277287,0.04358001798391342,0.04358001798391342,0.04358001798391342
2020-09-08 14:00:00,0.0303485973597328,0.0359802283346653,0.0359802283346653,0.0359802283346653
2020-09-08 15:00:00,0.0352957920792027,0.03317977488040924,0.03317977488040924,0.03317977488040924
2020-09-08 16:00:00,0.0307404526166913,0.03019653633236885,0.03019653633236885,0.03019653633236885
2020-09-08 17:00:00,0.0312706056324919,0.026866108179092407,0.026866108179092407,0.026866108179092407
2020-09-08 18:00:00,0.0273275363250508,0.025478854775428772,0.025478854775428772,0.025478854775428772
2020-09-08 19:00:00,0.0189339719691329,0.021595720201730728,0.021595720201730728,0.021595720201730728
2020-09-08 20:00:00,0.0165230808795056,0.01566784828901291,0.01566784828901291,0.01566784828901291
2020-09-08 21:00:00,0.0092871072821519,0.010756650939583778,0.010756650939583778,0.010756650939583778
2020-09-08 22:00:00,0.0074578993618653,0.007332427427172661,0.007332427427172661,0.007332427427172661
2020-09-08 23:00:00,0.0048941322703723,0.0030676983296871185,0.0030676983296871185,0.0030676983296871185
2020-09-09 00:00:00,0.0043140992670666,0.0028519537299871445,0.0028519537299871445,0.0028519537299871445
2020-09-09 01:00:00,0.0036730101581604,0.0015995409339666367,0.0015995409339666367,0.0015995409339666367
2020-09-09 02:00:00,0.0038792807852296,0.003483116626739502,0.003483116626739502,0.003483116626739502
2020-09-09 03:00:00,0.0094626141185523,0.01299266517162323,0.01299266517162323,0.01299266517162323
2020-09-09 04:00:00,0.0250334512022639,0.024098318070173264,0.024098318070173264,0.024098318070173264
2020-09-09 05:00:00,0.0327339462517749,0.03416960686445236,0.03416960686445236,0.03416960686445236
2020-09-09 06:00:00,0.0396867986798586,0.028787774965167046,0.028787774965167046,0.028787774965167046
2020-09-09 07:00:00,0.0392301155115526,0.03661166876554489,0.03661166876554489,0.03661166876554489
2020-09-09 08:00:00,0.0516187293729405,0.03963141888380051,0.03963141888380051,0.03963141888380051
2020-09-09 09:00:00,0.0457685643564272,0.03297349438071251,0.03297349438071251,0.03297349438071251
2020-09-09 10:00:00,0.0410210396039706,0.03805137053132057,0.03805137053132057,0.03805137053132057
2020-09-09 11:00:00,0.0378221947194674,0.03995203226804733,0.03995203226804733,0.03995203226804733
2020-09-09 12:00:00,0.0303477722772227,0.033459872007369995,0.033459872007369995,0.033459872007369995
2020-09-09 13:00:00,0.0371448019806974,0.03725840896368027,0.03725840896368027,0.03725840896368027
2020-09-09 14:00:00,0.0277075082508203,0.02841762825846672,0.02841762825846672,0.02841762825846672
2020-09-09 15:00:00,0.0285495049504947,0.032583124935626984,0.032583124935626984,0.032583124935626984
2020-09-09 16:00:00,0.031350247524748,0.03578700125217438,0.03578700125217438,0.03578700125217438
2020-09-09 17:00:00,0.0276481023102375,0.030741285532712936,0.030741285532712936,0.030741285532712936
2020-09-09 18:00:00,0.0261776402640235,0.02442026138305664,0.02442026138305664,0.02442026138305664
2020-09-09 19:00:00,0.0224424917491783,0.024781156331300735,0.024781156331300735,0.024781156331300735
2020-09-09 20:00:00,0.0167374587458746,0.017094427719712257,0.017094427719712257,0.017094427719712257
2020-09-09 21:00:00,0.0119099009905907,0.009664012119174004,0.009664012119174004,0.009664012119174004
2020-09-09 22:00:00,0.0085435643569338,0.006558394059538841,0.006558394059538841,0.006558394059538841
2020-09-09 23:00:00,0.004919740099009,0.0038658399134874344,0.0038658399134874344,0.0038658399134874344
2020-09-10 00:00:00,0.0043999381193062,0.002391282469034195,0.002391282469034195,0.002391282469034195
2020-09-10 01:00:00,0.0042204826737607,0.003359418362379074,0.003359418362379074,0.003359418362379074
2020-09-10 02:00:00,0.0038739480203042,0.004975546151399612,0.004975546151399612,0.004975546151399612
2020-09-10 03:00:00,0.0239498556105555,0.008858460932970047,0.008858460932970047,0.008858460932970047
2020-09-10 04:00:00,0.0264711427392772,0.028083983808755875,0.028083983808755875,0.028083983808755875
2020-09-10 05:00:00,0.046488056930693,0.03772745653986931,0.03772745653986931,0.03772745653986931
2020-09-10 06:00:00,0.044080701909467,0.04283469170331955,0.04283469170331955,0.04283469170331955
2020-09-10 07:00:00,0.0431953883781377,0.04835851490497589,0.04835851490497589,0.04835851490497589
2020-09-10 08:00:00,0.0436467085101328,0.04625999182462692,0.04625999182462692,0.04625999182462692
2020-09-10 09:00:00,0.0432651903583259,0.03863240033388138,0.03863240033388138,0.03863240033388138
2020-09-10 10:00:00,0.0494975335926369,0.03548824042081833,0.03548824042081833,0.03548824042081833
2020-09-10 11:00:00,0.0430750913484328,0.04412873089313507,0.04412873089313507,0.04412873089313507
2020-09-10 12:00:00,0.0385750913484104,0.0345349982380867,0.0345349982380867,0.0345349982380867
2020-09-10 13:00:00,0.0345897070957102,0.04267885163426399,0.04267885163426399,0.04267885163426399
2020-09-10 14:00:00,0.0283718853135258,0.03043554350733757,0.03043554350733757,0.03043554350733757
2020-09-10 15:00:00,0.0321382013201358,0.035739049315452576,0.035739049315452576,0.035739049315452576
2020-09-10 16:00:00,0.0363733498349823,0.033541515469551086,0.033541515469551086,0.033541515469551086
2020-09-10 17:00:00,0.0308824257425739,0.027846485376358032,0.027846485376358032,0.027846485376358032
2020-09-10 18:00:00,0.0244117161716183,0.021316353231668472,0.021316353231668472,0.021316353231668472
2020-09-10 19:00:00,0.0226375262526234,0.023486994206905365,0.023486994206905365,0.023486994206905365
2020-09-10 20:00:00,0.0182348859886015,0.018039871007204056,0.018039871007204056,0.018039871007204056
2020-09-10 21:00:00,0.0118256450649974,0.01083593163639307,0.01083593163639307,0.01083593163639307
2020-09-10 22:00:00,0.0072773777377744,0.004687361419200897,0.004687361419200897,0.004687361419200897
2020-09-10 23:00:00,0.0047212721277068,0.0032975096255540848,0.0032975096255540848,0.0032975096255540848
2020-09-11 00:00:00,0.0038755625567542,0.005587318912148476,0.005587318912148476,0.005587318912148476
2020-09-11 01:00:00,0.0032270477052657,0.005902135744690895,0.005902135744690895,0.005902135744690895
2020-09-11 02:00:00,0.0048582358235853,0.005096074193716049,0.005096074193716049,0.005096074193716049
2020-09-11 03:00:00,0.0094679717971832,0.011864683590829372,0.011864683590829372,0.011864683590829372
2020-09-11 04:00:00,0.0346461896189441,0.0271866824477911,0.0271866824477911,0.0271866824477911
2020-09-11 05:00:00,0.0334877737773885,0.03668639063835144,0.03668639063835144,0.03668639063835144
2020-09-11 06:00:00,0.0436031353140234,0.05065501108765602,0.05065501108765602,0.05065501108765602
2020-09-11 07:00:00,0.0301740924092464,0.037862297147512436,0.037862297147512436,0.037862297147512436
2020-09-11 08:00:00,0.0408052226275224,0.041667595505714417,0.041667595505714417,0.041667595505714417
2020-09-11 09:00:00,0.0360477968849622,0.04334617033600807,0.04334617033600807,0.04334617033600807
2020-09-11 10:00:00,0.0479450741126747,0.04230279475450516,0.04230279475450516,0.04230279475450516
2020-09-11 11:00:00,0.038926922297487,0.042372167110443115,0.042372167110443115,0.042372167110443115
2020-09-11 12:00:00,0.0389528298882454,0.033666208386421204,0.033666208386421204,0.033666208386421204
2020-09-11 13:00:00,0.0336028298882519,0.026996439322829247,0.026996439322829247,0.026996439322829247
2020-09-11 14:00:00,0.0298837704823073,0.023376846686005592,0.023376846686005592,0.023376846686005592
2020-09-11 15:00:00,0.027473704475712,0.030848637223243713,0.030848637223243713,0.030848637223243713
2020-09-11 16:00:00,0.02871462856812,0.0297304168343544,0.0297304168343544,0.0297304168343544
2020-09-11 17:00:00,0.027393533958668,0.029226873070001602,0.029226873070001602,0.029226873070001602
2020-09-11 18:00:00,0.0233730719124459,0.02435213141143322,0.02435213141143322,0.02435213141143322
2020-09-11 19:00:00,0.0244423788431534,0.01852262020111084,0.01852262020111084,0.01852262020111084
2020-09-11 20:00:00,0.0194481544207025,0.015682261437177658,0.015682261437177658,0.015682261437177658
2020-09-11 21:00:00,0.0115087979860475,0.0112880514934659,0.0112880514934659,0.0112880514934659
2020-09-11 22:00:00,0.0108256296682287,0.005602618679404259,0.005602618679404259,0.005602618679404259
2020-09-11 23:00:00,0.0052142435296142,0.0023801717907190323,0.0023801717907190323,0.0023801717907190323
2020-09-12 00:00:00,0.0052587979855627,0.0039063673466444016,0.0039063673466444016,0.0039063673466444016
2020-09-12 01:00:00,0.0037290950147591,0.0034213922917842865,0.0034213922917842865,0.0034213922917842865
2020-09-12 02:00:00,0.0030583029360538,0.0024829283356666565,0.0024829283356666565,0.0024829283356666565
2020-09-12 03:00:00,0.0042370158073431,0.004002923145890236,0.004002923145890236,0.004002923145890236
2020-09-12 04:00:00,0.0080728243876943,0.009395379573106766,0.009395379573106766,0.009395379573106766
2020-09-12 05:00:00,0.0200406461703831,0.015900615602731705,0.015900615602731705,0.015900615602731705
2020-09-12 06:00:00,0.0257403161368761,0.026790129020810127,0.026790129020810127,0.026790129020810127
2020-09-12 07:00:00,0.0269267847837457,0.03338552266359329,0.03338552266359329,0.03338552266359329
2020-09-12 08:00:00,0.0305035174570046,0.036070868372917175,0.036070868372917175,0.036070868372917175
2020-09-12 09:00:00,0.0324820653122921,0.033967215567827225,0.033967215567827225,0.033967215567827225
2020-09-12 10:00:00,0.0278122751184849,0.027828307822346687,0.027828307822346687,0.027828307822346687
2020-09-12 11:00:00,0.0274822421156888,0.030241912230849266,0.030241912230849266,0.030241912230849266
2020-09-12 12:00:00,0.0231142553164949,0.02759530395269394,0.02759530395269394,0.02759530395269394
2020-09-12 13:00:00,0.0238848823797176,0.025416012853384018,0.025416012853384018,0.025416012853384018
2020-09-12 14:00:00,0.0219052344144192,0.024197250604629517,0.024197250604629517,0.024197250604629517
2020-09-12 15:00:00,0.0240504489358692,0.023651739582419395,0.023651739582419395,0.023651739582419395
2020-09-12 16:00:00,0.0282690958005675,0.02630365453660488,0.02630365453660488,0.02630365453660488
2020-09-12 17:00:00,0.0283988694931957,0.022977836430072784,0.022977836430072784,0.022977836430072784
2020-09-12 18:00:00,0.0224949916054207,0.02326292358338833,0.02326292358338833,0.02326292358338833
2020-09-12 19:00:00,0.0185135559608582,0.02142157405614853,0.02142157405614853,0.02142157405614853
2020-09-12 20:00:00,0.0183361632215841,0.019197188317775726,0.019197188317775726,0.019197188317775726
2020-09-12 21:00:00,0.0129559652037584,0.013744202442467213,0.013744202442467213,0.013744202442467213
2020-09-12 22:00:00,0.009233192924559,0.009707311168313026,0.009707311168313026,0.009707311168313026
2020-09-12 23:00:00,0.0052814602517888,0.006764039397239685,0.006764039397239685,0.006764039397239685
2020-09-13 00:00:00,0.0044959817039285,0.005671227350831032,0.005671227350831032,0.005671227350831032
2020-09-13 01:00:00,0.0050557784725828,0.003776414319872856,0.003776414319872856,0.003776414319872856
2020-09-13 02:00:00,0.0027552834230764,0.004069268703460693,0.004069268703460693,0.004069268703460693
2020-09-13 03:00:00,0.0040349863948632,0.004930954426527023,0.004930954426527023,0.004930954426527023
2020-09-13 04:00:00,0.0078171646111914,0.008046967908740044,0.008046967908740044,0.008046967908740044
2020-09-13 05:00:00,0.0152453824329843,0.017963847145438194,0.017963847145438194,0.017963847145438194
2020-09-13 06:00:00,0.0241249203867727,0.02669629082083702,0.02669629082083702,0.02669629082083702
2020-09-13 07:00:00,0.0254953824334744,0.02664586342871189,0.02664586342871189,0.02664586342871189
2020-09-13 08:00:00,0.0259676046552024,0.027134021744132042,0.027134021744132042,0.027134021744132042
2020-09-13 09:00:00,0.0276400468999232,0.029084373265504837,0.029084373265504837,0.029084373265504837
2020-09-13 10:00:00,0.0322712350182356,0.029742036014795303,0.029742036014795303,0.029742036014795303
2020-09-13 11:00:00,0.0280245353482832,0.02813427522778511,0.02813427522778511,0.02813427522778511
2020-09-13 12:00:00,0.0280542383185622,0.02465534396469593,0.02465534396469593,0.02465534396469593
2020-09-13 13:00:00,0.0190798158763246,0.023178396746516228,0.023178396746516228,0.023178396746516228
2020-09-13 14:00:00,0.0212613340281417,0.023123042657971382,0.023123042657971382,0.023123042657971382
2020-09-13 15:00:00,0.0272893868334208,0.026961954310536385,0.026961954310536385,0.026961954310536385
2020-09-13 16:00:00,0.0254918620809421,0.03130774199962616,0.03130774199962616,0.03130774199962616
2020-09-13 17:00:00,0.024865819871457,0.02663247287273407,0.02663247287273407,0.02663247287273407
2020-09-13 18:00:00,0.0238778425027937,0.02536892704665661,0.02536892704665661,0.02536892704665661
2020-09-13 19:00:00,0.0216558953075739,0.019888103008270264,0.019888103008270264,0.019888103008270264
2020-09-13 20:00:00,0.0170279467232444,0.018234604969620705,0.018234604969620705,0.018234604969620705
2020-09-13 21:00:00,0.0099380952385913,0.012351618148386478,0.012351618148386478,0.012351618148386478
2020-09-13 22:00:00,0.0080437057991564,0.008287612348794937,0.008287612348794937,0.008287612348794937
2020-09-13 23:00:00,0.0054727487034378,0.004896664991974831,0.004896664991974831,0.004896664991974831
2020-09-14 00:00:00,0.0034677982093781,0.006524847820401192,0.006524847820401192,0.006524847820401192
2020-09-14 01:00:00,0.0035031588878137,0.006664305925369263,0.006664305925369263,0.006664305925369263
2020-09-14 02:00:00,0.0037894625176798,0.007205836474895477,0.007205836474895477,0.007205836474895477
2020-09-14 03:00:00,0.0122358321546459,0.014037498272955418,0.014037498272955418,0.014037498272955418
2020-09-14 04:00:00,0.0213620697784003,0.020876385271549225,0.020876385271549225,0.020876385271549225
2020-09-14 05:00:00,0.0293051390853514,0.03216589242219925,0.03216589242219925,0.03216589242219925
2020-09-14 06:00:00,0.0383817067425931,0.03580118715763092,0.03580118715763092,0.03580118715763092
2020-09-14 07:00:00,0.0389906176331938,0.03866519033908844,0.03866519033908844,0.03866519033908844
2020-09-14 08:00:00,0.0425678217821735,0.044509150087833405,0.044509150087833405,0.044509150087833405
2020-09-14 09:00:00,0.0373867161716238,0.036291107535362244,0.036291107535362244,0.036291107535362244
2020-09-14 10:00:00,0.0342538778877868,0.03859737515449524,0.03859737515449524,0.03859737515449524
2020-09-14 11:00:00,0.0357890264031368,0.0438656359910965,0.0438656359910965,0.0438656359910965
2020-09-14 12:00:00,0.039995297029702,0.036714814603328705,0.036714814603328705,0.036714814603328705
2020-09-14 13:00:00,0.0316021452145195,0.03876939415931702,0.03876939415931702,0.03876939415931702
2020-09-14 14:00:00,0.0344107260730994,0.0335952490568161,0.0335952490568161,0.0335952490568161
2020-09-14 15:00:00,0.0331826095109528,0.04057731479406357,0.04057731479406357,0.04057731479406357
2020-09-14 16:00:00,0.0350423454845498,0.03378767892718315,0.03378767892718315,0.03378767892718315
2020-09-14 17:00:00,0.02475109135963,0.037012048065662384,0.037012048065662384,0.037012048065662384
2020-09-14 18:00:00,0.0282461408640905,0.029542792588472366,0.029542792588472366,0.029542792588472366
2020-09-14 19:00:00,0.0271710583558346,0.024484600871801376,0.024484600871801376,0.024484600871801376
2020-09-14 20:00:00,0.0212758438343853,0.01843857206404209,0.01843857206404209,0.01843857206404209
2020-09-14 21:00:00,0.0139600022502314,0.015319871716201305,0.015319871716201305,0.015319871716201305
2020-09-14 22:00:00,0.0113062618761809,0.009589232504367828,0.009589232504367828,0.009589232504367828
2020-09-14 23:00:00,0.0074646777182646,0.008176518604159355,0.008176518604159355,0.008176518604159355
2020-09-15 00:00:00,0.0066758988398846,0.0054386332631111145,0.0054386332631111145,0.0054386332631111145
2020-09-15 01:00:00,0.0069374499949931,0.005288826301693916,0.005288826301693916,0.005288826301693916
2020-09-15 02:00:00,0.0083973959900962,0.00539037212729454,0.00539037212729454,0.00539037212729454
2020-09-15 03:00:00,0.0117274289928987,0.011247122660279274,0.011247122660279274,0.011247122660279274
2020-09-15 04:00:00,0.0187422804780443,0.02445955201983452,0.02445955201983452,0.02445955201983452
2020-09-15 05:00:00,0.0377670329533059,0.03935800865292549,0.03935800865292549,0.03935800865292549
2020-09-15 06:00:00,0.0361812243724265,0.03649497404694557,0.03649497404694557,0.03649497404694557
2020-09-15 07:00:00,0.0356773739874066,0.038615576922893524,0.038615576922893524,0.038615576922893524
2020-09-15 08:00:00,0.0339127818138909,0.039450544863939285,0.039450544863939285,0.039450544863939285
2020-09-15 09:00:00,0.0427754055762743,0.03805820271372795,0.03805820271372795,0.03805820271372795
2020-09-15 10:00:00,0.0416598940251121,0.039819665253162384,0.039819665253162384,0.039819665253162384
2020-09-15 11:00:00,0.0314742504607692,0.04143054783344269,0.04143054783344269,0.04143054783344269
2020-09-15 12:00:00,0.0298661646521851,0.033217914402484894,0.033217914402484894,0.033217914402484894
2020-09-15 13:00:00,0.0312855540911088,0.03296796604990959,0.03296796604990959,0.03296796604990959
2020-09-15 14:00:00,0.0365982603617648,0.03178922459483147,0.03178922459483147,0.03178922459483147
2020-09-15 15:00:00,0.0319460208520831,0.03257259726524353,0.03257259726524353,0.03257259726524353
2020-09-15 16:00:00,0.0322257238223773,0.032925527542829514,0.032925527542829514,0.032925527542829514
2020-09-15 17:00:00,0.0248403690373999,0.030812643468379974,0.030812643468379974,0.030812643468379974
2020-09-15 18:00:00,0.023314626462649,0.026524679735302925,0.026524679735302925,0.026524679735302925
2020-09-15 19:00:00,0.0263435043504323,0.024506350979208946,0.024506350979208946,0.024506350979208946
2020-09-15 20:00:00,0.0158261776182515,0.021501949056982994,0.021501949056982994,0.021501949056982994
2020-09-15 21:00:00,0.0142205670567119,0.015420089475810528,0.015420089475810528,0.015420089475810528
2020-09-15 22:00:00,0.0087857485748548,0.00787290744483471,0.00787290744483471,0.00787290744483471
2020-09-15 23:00:00,0.0073441644169421,0.005825860425829887,0.005825860425829887,0.005825860425829887
2020-09-16 00:00:00,0.0048507650765023,0.005883723497390747,0.005883723497390747,0.005883723497390747
2020-09-16 01:00:00,0.0046942056705709,0.00548895075917244,0.00548895075917244,0.00548895075917244
2020-09-16 02:00:00,0.0055003937893836,0.006941763684153557,0.006941763684153557,0.006941763684153557
2020-09-16 03:00:00,0.0121208558355744,0.01098536141216755,0.01098536141216755,0.01098536141216755
2020-09-16 04:00:00,0.0249286116111571,0.026713620871305466,0.026713620871305466,0.026713620871305466
2020-09-16 05:00:00,0.029825888838878,0.03950117900967598,0.03950117900967598,0.03950117900967598
2020-09-16 06:00:00,0.0302846347134838,0.03953460231423378,0.03953460231423378,0.03953460231423378
2020-09-16 07:00:00,0.0362516314131401,0.041321251541376114,0.041321251541376114,0.041321251541376114
2020-09-16 08:00:00,0.0344211858686006,0.04245521128177643,0.04245521128177643,0.04245521128177643
2020-09-16 09:00:00,0.04477085583558,0.038548339158296585,0.038548339158296585,0.038548339158296585
2020-09-16 10:00:00,0.0371436281128007,0.03501143306493759,0.03501143306493759,0.03501143306493759
2020-09-16 11:00:00,0.0470941231623108,0.03744501620531082,0.03744501620531082,0.03744501620531082
2020-09-16 12:00:00,0.0313482485748735,0.030219126492738724,0.030219126492738724,0.030219126492738724
2020-09-16 13:00:00,0.0334253937893683,0.03132707253098488,0.03132707253098488,0.03132707253098488
2020-09-16 14:00:00,0.033645030753071,0.028999648988246918,0.028999648988246918,0.028999648988246918
2020-09-16 15:00:00,0.0273737436243688,0.03655136376619339,0.03655136376619339,0.03655136376619339
2020-09-16 16:00:00,0.0322212683768441,0.030975932255387306,0.030975932255387306,0.030975932255387306
2020-09-16 17:00:00,0.0300985668209753,0.027057548984885216,0.027057548984885216,0.027057548984885216
2020-09-16 18:00:00,0.0289245922806431,0.026342488825321198,0.026342488825321198,0.026342488825321198
2020-09-16 19:00:00,0.0199881236337942,0.022979984059929848,0.022979984059929848,0.022979984059929848
2020-09-16 20:00:00,0.0200326780892412,0.019803989678621292,0.019803989678621292,0.019803989678621292
2020-09-16 21:00:00,0.0110442704994669,0.011916002258658409,0.011916002258658409,0.011916002258658409
2020-09-16 22:00:00,0.0077901450859384,0.008298918604850769,0.008298918604850769,0.008298918604850769
2020-09-16 23:00:00,0.0046705081222425,0.004707178100943565,0.004707178100943565,0.004707178100943565
2020-09-17 00:00:00,0.0032123515932942,0.005202779546380043,0.005202779546380043,0.005202779546380043
2020-09-17 01:00:00,0.0040967221727097,0.0035642944276332855,0.0035642944276332855,0.0035642944276332855
2020-09-17 02:00:00,0.004961408640866,0.006319249048829079,0.006319249048829079,0.006319249048829079
2020-09-17 03:00:00,0.0261478772877067,0.011413594707846642,0.011413594707846642,0.011413594707846642
2020-09-17 04:00:00,0.0242320357040702,0.03018498420715332,0.03018498420715332,0.03018498420715332
2020-09-17 05:00:00,0.0428081495649458,0.041047777980566025,0.041047777980566025,0.041047777980566025
2020-09-17 06:00:00,0.0371398327332911,0.041680071502923965,0.041680071502923965,0.041680071502923965
2020-09-17 07:00:00,0.0524763485277137,0.04374334216117859,0.04374334216117859,0.04374334216117859
2020-09-17 08:00:00,0.0449697478676439,0.046196646988391876,0.046196646988391876,0.046196646988391876
2020-09-17 09:00:00,0.0328719755904118,0.03787073493003845,0.03787073493003845,0.03787073493003845
2020-09-17 10:00:00,0.0422234607389266,0.03161697834730148,0.03161697834730148,0.03161697834730148
2020-09-17 11:00:00,0.0316500283957071,0.03374426066875458,0.03374426066875458,0.03374426066875458
2020-09-17 12:00:00,0.040163229715821,0.03031778149306774,0.03031778149306774,0.03031778149306774
2020-09-17 13:00:00,0.0274544838412348,0.030995961278676987,0.030995961278676987,0.030995961278676987
2020-09-17 14:00:00,0.031714302323092,0.03201340138912201,0.03201340138912201,0.03201340138912201
2020-09-17 15:00:00,0.0331672726201209,0.03189396858215332,0.03189396858215332,0.03189396858215332
2020-09-17 16:00:00,0.028846315524402,0.03301054984331131,0.03301054984331131,0.03301054984331131
2020-09-17 17:00:00,0.0290915769938752,0.0275269765406847,0.0275269765406847,0.0275269765406847
2020-09-17 18:00:00,0.0259496628024649,0.026880735531449318,0.026880735531449318,0.026880735531449318
2020-09-17 19:00:00,0.0228700423404059,0.020961463451385498,0.020961463451385498,0.020961463451385498
2020-09-17 20:00:00,0.0217893342696018,0.024147994816303253,0.024147994816303253,0.024147994816303253
2020-09-17 21:00:00,0.0140320263959592,0.01463820319622755,0.01463820319622755,0.01463820319622755
2020-09-17 22:00:00,0.0094911848123021,0.009292339906096458,0.009292339906096458,0.009292339906096458
2020-09-17 23:00:00,0.0073872244157587,0.006356682628393173,0.006356682628393173,0.006356682628393173
2020-09-18 00:00:00,0.0069124719410057,0.004683898761868477,0.004683898761868477,0.004683898761868477
2020-09-18 01:00:00,0.0062825214454636,0.005381973460316658,0.005381973460316658,0.005381973460316658
2020-09-18 02:00:00,0.0066934125345753,0.005701243877410889,0.005701243877410889,0.005701243877410889
2020-09-18 03:00:00,0.0274681650098253,0.016448376700282097,0.016448376700282097,0.016448376700282097
2020-09-18 04:00:00,0.0276620593992605,0.03194780275225639,0.03194780275225639,0.03194780275225639
2020-09-18 05:00:00,0.0407610693002616,0.03749661147594452,0.03749661147594452,0.03749661147594452
2020-09-18 06:00:00,0.0422322202614903,0.03964177519083023,0.03964177519083023,0.03964177519083023
2020-09-18 07:00:00,0.0390932653420713,0.05132579058408737,0.05132579058408737,0.05132579058408737
2020-09-18 08:00:00,0.0437750192312338,0.03781072795391083,0.03781072795391083,0.03781072795391083
2020-09-18 09:00:00,0.0491046396932996,0.04732418805360794,0.04732418805360794,0.04732418805360794
2020-09-18 10:00:00,0.0413373129606271,0.03252808749675751,0.03252808749675751,0.03252808749675751
2020-09-18 11:00:00,0.0341665208814054,0.03889165446162224,0.03889165446162224,0.03889165446162224
2020-09-18 12:00:00,0.0442296614060059,0.034246332943439484,0.034246332943439484,0.034246332943439484
2020-09-18 13:00:00,0.031212747214562,0.03552765026688576,0.03552765026688576,0.03552765026688576
2020-09-18 14:00:00,0.028934105064628,0.032486118376255035,0.032486118376255035,0.032486118376255035
2020-09-18 15:00:00,0.0284908000198548,0.028965052217245102,0.028965052217245102,0.028965052217245102
2020-09-18 16:00:00,0.0301615920990527,0.032278746366500854,0.032278746366500854,0.032278746366500854
2020-09-18 17:00:00,0.0205455854984005,0.024125035852193832,0.024125035852193832,0.024125035852193832
2020-09-18 18:00:00,0.0203921201518668,0.021196424961090088,0.021196424961090088,0.021196424961090088
2020-09-18 19:00:00,0.0226012785677101,0.019753197208046913,0.019753197208046913,0.019753197208046913
2020-09-18 20:00:00,0.0162588693267843,0.016824131831526756,0.016824131831526756,0.016824131831526756
2020-09-18 21:00:00,0.0149970824347935,0.015158427879214287,0.015158427879214287,0.015158427879214287
2020-09-18 22:00:00,0.00775747847341,0.010252472013235092,0.010252472013235092,0.010252472013235092
2020-09-18 23:00:00,0.005764656691238,0.007660780102014542,0.007660780102014542,0.007660780102014542
2020-09-19 00:00:00,0.0039602012461843,0.005584875121712685,0.005584875121712685,0.005584875121712685
2020-09-19 01:00:00,0.003838914116973,0.003148553892970085,0.003148553892970085,0.003148553892970085
2020-09-19 02:00:00,0.0041186170872773,0.003402095288038254,0.003402095288038254,0.003402095288038254
2020-09-19 03:00:00,0.0055171319392566,0.005560416728258133,0.005560416728258133,0.005560416728258133
2020-09-19 04:00:00,0.0063633837067852,0.009882919490337372,0.009882919490337372,0.009882919490337372
2020-09-19 05:00:00,0.0173460569741167,0.018011879175901413,0.018011879175901413,0.018011879175901413
2020-09-19 06:00:00,0.0285946130797284,0.027046076953411102,0.027046076953411102,0.027046076953411102
2020-09-19 07:00:00,0.0328408412739819,0.027983706444501877,0.027983706444501877,0.027983706444501877
2020-09-19 08:00:00,0.0295099006799098,0.03290089964866638,0.03290089964866638,0.03290089964866638
2020-09-19 09:00:00,0.0297499996898185,0.035110075026750565,0.035110075026750565,0.035110075026750565
2020-09-19 10:00:00,0.0327965343432822,0.02978973090648651,0.02978973090648651,0.02978973090648651
2020-09-19 11:00:00,0.0260366333531878,0.03226090595126152,0.03226090595126152,0.03226090595126152
2020-09-19 12:00:00,0.0282441416040106,0.03027590736746788,0.03027590736746788,0.03027590736746788
2020-09-19 13:00:00,0.0267339105809085,0.026161452755331993,0.026161452755331993,0.026161452755331993
2020-09-19 14:00:00,0.0227858220220562,0.028581030666828156,0.028581030666828156,0.028581030666828156
2020-09-19 15:00:00,0.0305033137712297,0.024631550535559654,0.024631550535559654,0.024631550535559654
2020-09-19 16:00:00,0.030553000725212,0.02839154750108719,0.02839154750108719,0.02839154750108719
2020-09-19 17:00:00,0.0288954099661415,0.023939771577715874,0.023939771577715874,0.023939771577715874
2020-09-19 18:00:00,0.0228393043560707,0.025300489738583565,0.025300489738583565,0.025300489738583565
2020-09-19 19:00:00,0.01792959195577,0.019109651446342468,0.019109651446342468,0.019109651446342468
2020-09-19 20:00:00,0.0129939483914145,0.019336247816681862,0.019336247816681862,0.019336247816681862
2020-09-19 21:00:00,0.0126969186889366,0.014861304312944412,0.014861304312944412,0.014861304312944412
2020-09-19 22:00:00,0.0103949384904203,0.008415330201387405,0.008415330201387405,0.008415330201387405
2020-09-19 23:00:00,0.006435642561325,0.005532542243599892,0.005532542243599892,0.005532542243599892
2020-09-20 00:00:00,0.005824875235081,0.0027065500617027283,0.0027065500617027283,0.0027065500617027283
2020-09-20 01:00:00,0.0048705172982972,0.003181392326951027,0.003181392326951027,0.003181392326951027
2020-09-20 02:00:00,0.0049378204571971,0.002762826159596443,0.002762826159596443,0.002762826159596443
2020-09-20 03:00:00,0.0053148831639539,0.003996267914772034,0.003996267914772034,0.003996267914772034
2020-09-20 04:00:00,0.0089726703712501,0.008337080478668213,0.008337080478668213,0.008337080478668213
2020-09-20 05:00:00,0.0140250631100197,0.01863337680697441,0.01863337680697441,0.01863337680697441
2020-09-20 06:00:00,0.0220844690506217,0.024028025567531586,0.024028025567531586,0.024028025567531586
2020-09-20 07:00:00,0.0268113667403905,0.02606767788529396,0.02606767788529396,0.02606767788529396
2020-09-20 08:00:00,0.0281838914928655,0.029525628313422203,0.029525628313422203,0.029525628313422203
2020-09-20 09:00:00,0.0288544603144502,0.03379868343472481,0.03379868343472481,0.03379868343472481
2020-09-20 10:00:00,0.0301240265567951,0.026962386444211006,0.026962386444211006,0.026962386444211006
2020-09-20 11:00:00,0.0265892080749413,0.027036301791667938,0.027036301791667938,0.027036301791667938
2020-09-20 12:00:00,0.0255934835024834,0.027753908187150955,0.027753908187150955,0.027753908187150955
2020-09-20 13:00:00,0.0205565119481855,0.019670395180583,0.019670395180583,0.019670395180583
2020-09-20 14:00:00,0.0218100598029687,0.025183288380503654,0.025183288380503654,0.025183288380503654
2020-09-20 15:00:00,0.021796033400332,0.028312411159276962,0.028312411159276962,0.028312411159276962
2020-09-20 16:00:00,0.0295132013201363,0.02686244621872902,0.02686244621872902,0.02686244621872902
2020-09-20 17:00:00,0.0272815888731734,0.029364198446273804,0.029364198446273804,0.029364198446273804
2020-09-20 18:00:00,0.0278038661008955,0.027752161026000977,0.027752161026000977,0.027752161026000977
2020-09-20 19:00:00,0.0185567538896756,0.022446079179644585,0.022446079179644585,0.022446079179644585
2020-09-20 20:00:00,0.0165086869401295,0.018671704456210136,0.018671704456210136,0.018671704456210136
2020-09-20 21:00:00,0.0121151225841719,0.013161202892661095,0.013161202892661095,0.013161202892661095
2020-09-20 22:00:00,0.0097430103729643,0.008785035461187363,0.008785035461187363,0.008785035461187363
2020-09-20 23:00:00,0.0057896275341844,0.006775530055165291,0.006775530055165291,0.006775530055165291
2020-09-21 00:00:00,0.0034158651584362,0.004762979224324226,0.004762979224324226,0.004762979224324226
2020-09-21 01:00:00,0.0036579443663597,0.005583558231592178,0.005583558231592178,0.005583558231592178
2020-09-21 02:00:00,0.0034541489868204,0.006404835730791092,0.006404835730791092,0.006404835730791092
2020-09-21 03:00:00,0.0097565417256046,0.011768236756324768,0.011768236756324768,0.011768236756324768
2020-09-21 04:00:00,0.0222689179632308,0.029987914487719536,0.029987914487719536,0.029987914487719536
2020-09-21 05:00:00,0.0349805516265829,0.03740968555212021,0.03740968555212021,0.03740968555212021
2020-09-21 06:00:00,0.0353440594059507,0.04026074707508087,0.04026074707508087,0.04026074707508087
2020-09-21 07:00:00,0.0402301980198061,0.04404741898179054,0.04404741898179054,0.04404741898179054
2020-09-21 08:00:00,0.0473391089108923,0.047874387353658676,0.047874387353658676,0.047874387353658676
2020-09-21 09:00:00,0.0331085552520642,0.03705756366252899,0.03705756366252899,0.03705756366252899
2020-09-21 10:00:00,0.044053274724025,0.044697463512420654,0.044697463512420654,0.044697463512420654
2020-09-21 11:00:00,0.0400194463411842,0.03883623331785202,0.03883623331785202,0.03883623331785202
2020-09-21 12:00:00,0.0328395783544041,0.03669033572077751,0.03669033572077751,0.03669033572077751
2020-09-21 13:00:00,0.0410087202685665,0.03982167690992355,0.03982167690992355,0.03982167690992355
2020-09-21 14:00:00,0.0329014595425033,0.028359398245811462,0.028359398245811462,0.028359398245811462
2020-09-21 15:00:00,0.0290122377255888,0.03560519963502884,0.03560519963502884,0.03560519963502884
2020-09-21 16:00:00,0.0305790694087566,0.03775547072291374,0.03775547072291374,0.03775547072291374
2020-09-21 17:00:00,0.0275143512061707,0.033617060631513596,0.033617060631513596,0.033617060631513596
2020-09-21 18:00:00,0.0218460343744853,0.02851451374590397,0.02851451374590397,0.02851451374590397
2020-09-21 19:00:00,0.0208490871797592,0.025523057207465172,0.025523057207465172,0.025523057207465172
2020-09-21 20:00:00,0.0170322554965942,0.02075200527906418,0.02075200527906418,0.02075200527906418
2020-09-21 21:00:00,0.011898592130266,0.014786818064749241,0.014786818064749241,0.014786818064749241
2020-09-21 22:00:00,0.0081282951005557,0.010552974417805672,0.010552974417805672,0.010552974417805672
2020-09-21 23:00:00,0.0058458418552232,0.00878157652914524,0.00878157652914524,0.00878157652914524
2020-09-22 00:00:00,0.0044151487859206,0.006779557093977928,0.006779557093977928,0.006779557093977928
2020-09-22 01:00:00,0.0048334656181047,0.006143530830740929,0.006143530830740929,0.006143530830740929
2020-09-22 02:00:00,0.005613168587907,0.009645756334066391,0.009645756334066391,0.009645756334066391
2020-09-22 03:00:00,0.0088116009311349,0.010872862301766872,0.010872862301766872,0.010872862301766872
2020-09-22 04:00:00,0.0217604458156198,0.03064795769751072,0.03064795769751072,0.03064795769751072
2020-09-22 05:00:00,0.0275500497760398,0.044233039021492004,0.044233039021492004,0.044233039021492004
2020-09-22 06:00:00,0.0328851239427787,0.03665606305003166,0.03665606305003166,0.03665606305003166
2020-09-22 07:00:00,0.0387935397843577,0.04303532838821411,0.04303532838821411,0.04303532838821411
2020-09-22 08:00:00,0.0339425771881041,0.039713725447654724,0.039713725447654724,0.039713725447654724
2020-09-22 09:00:00,0.0387792108514667,0.039135854691267014,0.039135854691267014,0.039135854691267014
2020-09-22 10:00:00,0.0362037462002565,0.03651551157236099,0.03651551157236099,0.03651551157236099
2020-09-22 11:00:00,0.035891039929096,0.03243204206228256,0.03243204206228256,0.03243204206228256
2020-09-22 12:00:00,0.0325643072558699,0.0306345596909523,0.0306345596909523,0.0306345596909523
2020-09-22 13:00:00,0.0420627631728684,0.03264069929718971,0.03264069929718971,0.03264069929718971
2020-09-22 14:00:00,0.0298873762376207,0.02962581068277359,0.02962581068277359,0.02962581068277359
2020-09-22 15:00:00,0.034355198019807,0.03541161119937897,0.03541161119937897,0.03541161119937897
2020-09-22 16:00:00,0.032757260726066,0.0343366377055645,0.0343366377055645,0.0343366377055645
2020-09-22 17:00:00,0.0265498467703964,0.03197545185685158,0.03197545185685158,0.03197545185685158
2020-09-22 18:00:00,0.0265630163565763,0.0253792405128479,0.0253792405128479,0.0253792405128479
2020-09-22 19:00:00,0.0219689569506397,0.019640348851680756,0.019640348851680756,0.019640348851680756
2020-09-22 20:00:00,0.0148381179051983,0.017072249203920364,0.017072249203920364,0.017072249203920364
2020-09-22 21:00:00,0.0139515667500777,0.011929027736186981,0.011929027736186981,0.011929027736186981
2020-09-22 22:00:00,0.0073154281362228,0.011622963473200798,0.011622963473200798,0.011622963473200798
2020-09-22 23:00:00,0.0042857251659193,0.008802272379398346,0.008802272379398346,0.008802272379398346
2020-09-23 00:00:00,0.0048665243172719,0.007637029513716698,0.007637029513716698,0.007637029513716698
2020-09-23 01:00:00,0.003992761941029,0.00625980831682682,0.00625980831682682,0.00625980831682682
2020-09-23 02:00:00,0.0045496926340978,0.00710899755358696,0.00710899755358696,0.00710899755358696
2020-09-23 03:00:00,0.0089713097958131,0.011555161327123642,0.011555161327123642,0.011555161327123642
2020-09-23 04:00:00,0.0224137602908634,0.02059556171298027,0.02059556171298027,0.02059556171298027
2020-09-23 05:00:00,0.0395730012149578,0.03270180523395538,0.03270180523395538,0.03270180523395538
2020-09-23 06:00:00,0.0370375226670964,0.038363344967365265,0.038363344967365265,0.038363344967365265
2020-09-23 07:00:00,0.0423320970695926,0.04177479445934296,0.04177479445934296,0.04177479445934296
2020-09-23 08:00:00,0.0404608099408799,0.03643183037638664,0.03643183037638664,0.03643183037638664
2020-09-23 09:00:00,0.0409649988213209,0.04143846035003662,0.04143846035003662,0.04143846035003662
2020-09-23 10:00:00,0.0496184641678427,0.04055294767022133,0.04055294767022133,0.04055294767022133
2020-09-23 11:00:00,0.0307966819896262,0.03962075337767601,0.03962075337767601,0.03962075337767601
2020-09-23 12:00:00,0.0407513712085506,0.0356806181371212,0.0356806181371212,0.0356806181371212
2020-09-23 13:00:00,0.0301708019016078,0.03154364228248596,0.03154364228248596,0.03154364228248596
2020-09-23 14:00:00,0.0272584639714043,0.02900463342666626,0.02900463342666626,0.02900463342666626
2020-09-23 15:00:00,0.0292852791529079,0.03266240656375885,0.03266240656375885,0.03266240656375885
2020-09-23 16:00:00,0.0325872593509351,0.028991039842367172,0.028991039842367172,0.028991039842367172
2020-09-23 17:00:00,0.0292258732128173,0.028806136921048164,0.028806136921048164,0.028806136921048164
2020-09-23 18:00:00,0.0288529359190947,0.023764202371239662,0.023764202371239662,0.023764202371239662
2020-09-23 19:00:00,0.0190224903740328,0.02334546111524105,0.02334546111524105,0.02334546111524105
2020-09-23 20:00:00,0.0167225728822929,0.01800353266298771,0.01800353266298771,0.01800353266298771
2020-09-23 21:00:00,0.0124946438398772,0.0146096246317029,0.0146096246317029,0.0146096246317029
2020-09-23 22:00:00,0.0089191487898828,0.010430343449115753,0.010430343449115753,0.010430343449115753
2020-09-23 23:00:00,0.0055957164466454,0.007898019626736641,0.007898019626736641,0.007898019626736641
2020-09-24 00:00:00,0.0038044623217299,0.005603272467851639,0.005603272467851639,0.005603272467851639
2020-09-24 01:00:00,0.0033349903740307,0.005270477384328842,0.005270477384328842,0.005270477384328842
2020-09-24 02:00:00,0.0035346603410325,0.006476221606135368,0.006476221606135368,0.006476221606135368
2020-09-24 03:00:00,0.0141122180968263,0.00880732573568821,0.00880732573568821,0.00880732573568821
2020-09-24 04:00:00,0.0257360554805391,0.021327365189790726,0.021327365189790726,0.021327365189790726
2020-09-24 05:00:00,0.031697441619167,0.028808970004320145,0.028808970004320145,0.028808970004320145
2020-09-24 06:00:00,0.0291568406840763,0.03453487902879715,0.03453487902879715,0.03453487902879715
2020-09-24 07:00:00,0.037296554655455,0.03001939319074154,0.03001939319074154,0.03001939319074154
2020-09-24 08:00:00,0.0362247724772443,0.041275836527347565,0.041275836527347565,0.041275836527347565
2020-09-24 09:00:00,0.0401562906290739,0.03784867376089096,0.03784867376089096,0.03784867376089096
2020-09-24 10:00:00,0.0366684193419143,0.03160684555768967,0.03160684555768967,0.03160684555768967
2020-09-24 11:00:00,0.0323573632368236,0.03341483324766159,0.03341483324766159,0.03341483324766159
2020-09-24 12:00:00,0.0394654490449117,0.036917299032211304,0.036917299032211304,0.036917299032211304
2020-09-24 13:00:00,0.0273174056691268,0.030470769852399826,0.030470769852399826,0.030470769852399826
2020-09-24 14:00:00,0.0304213660651851,0.028667181730270386,0.028667181730270386,0.028667181730270386
2020-09-24 15:00:00,0.0264485937879508,0.035124897956848145,0.035124897956848145,0.035124897956848145
2020-09-24 16:00:00,0.0297460092437798,0.030550437048077583,0.030550437048077583,0.030550437048077583
2020-09-24 17:00:00,0.0306252171645709,0.029497895389795303,0.029497895389795303,0.029497895389795303
2020-09-24 18:00:00,0.0238525273955963,0.026873111724853516,0.026873111724853516,0.026873111724853516
2020-09-24 19:00:00,0.0210901511579787,0.022144470363855362,0.022144470363855362,0.022144470363855362
2020-09-24 20:00:00,0.0145426499792876,0.01861169934272766,0.01861169934272766,0.01861169934272766
2020-09-24 21:00:00,0.014118557571028,0.013303347863256931,0.013303347863256931,0.013303347863256931
2020-09-24 22:00:00,0.0083259833126151,0.008962048217654228,0.008962048217654228,0.008962048217654228
2020-09-24 23:00:00,0.0048928149957824,0.008339185267686844,0.008339185267686844,0.008339185267686844
2020-09-25 00:00:00,0.0043241681315924,0.003953898325562477,0.003953898325562477,0.003953898325562477
2020-09-25 01:00:00,0.0040159723115183,0.003497786819934845,0.003497786819934845,0.003497786819934845
2020-09-25 02:00:00,0.0053963353483195,0.0015907622873783112,0.0015907622873783112,0.0015907622873783112
2020-09-25 03:00:00,0.009779023616648,0.020920006558299065,0.020920006558299065,0.020920006558299065
2020-09-25 04:00:00,0.0229498156958594,0.03911929950118065,0.03911929950118065,0.03911929950118065
2020-09-25 05:00:00,0.0320354180065842,0.04320322722196579,0.04320322722196579,0.04320322722196579
2020-09-25 06:00:00,0.0336110898589804,0.048488885164260864,0.048488885164260864,0.048488885164260864
2020-09-25 07:00:00,0.0376945057005635,0.04649555683135986,0.04649555683135986,0.04649555683135986
2020-09-25 08:00:00,0.0364230535558515,0.04977155104279518,0.04977155104279518,0.04977155104279518
2020-09-25 09:00:00,0.0360546542154309,0.048764027655124664,0.048764027655124664,0.048764027655124664
2020-09-25 10:00:00,0.035959995249526,0.042905643582344055,0.042905643582344055,0.042905643582344055
2020-09-25 11:00:00,0.0392772394744274,0.049831561744213104,0.049831561744213104,0.049831561744213104
2020-09-25 12:00:00,0.030181447394743,0.04179897531867027,0.04179897531867027,0.04179897531867027
2020-09-25 13:00:00,0.0312496479647989,0.04353727027773857,0.04353727027773857,0.04353727027773857
2020-09-25 14:00:00,0.0287298459845897,0.032112009823322296,0.032112009823322296,0.032112009823322296
2020-09-25 15:00:00,0.0337803410341036,0.02913646399974823,0.02913646399974823,0.02913646399974823
2020-09-25 16:00:00,0.0303826512651299,0.027702737599611282,0.027702737599611282,0.027702737599611282
2020-09-25 17:00:00,0.0226081526619128,0.025247883051633835,0.025247883051633835,0.025247883051633835
2020-09-25 18:00:00,0.0198515520013588,0.022415069863200188,0.022415069863200188,0.022415069863200188
2020-09-25 19:00:00,0.0229393545316071,0.019006136804819107,0.019006136804819107,0.019006136804819107
2020-09-25 20:00:00,0.0251739254891972,0.017631538212299347,0.017631538212299347,0.017631538212299347
2020-09-25 21:00:00,0.0131879518913503,0.01258986908942461,0.01258986908942461,0.01258986908942461
2020-09-25 22:00:00,0.0125105591520663,0.008037326857447624,0.008037326857447624,0.008037326857447624
2020-09-25 23:00:00,0.0086388594820956,0.00363897904753685,0.00363897904753685,0.00363897904753685
2020-09-26 00:00:00,0.0058468863562195,0.002961181104183197,0.002961181104183197,0.002961181104183197
2020-09-26 01:00:00,0.0071810447720624,0.0020408201962709427,0.0020408201962709427,0.0020408201962709427
2020-09-26 02:00:00,0.0064450711751926,0.00031018443405628204,0.00031018443405628204,0.00031018443405628204
2020-09-26 03:00:00,0.0061829012077073,0.0019136909395456314,0.0019136909395456314,0.0019136909395456314
2020-09-26 04:00:00,0.0114386767852605,0.004578500986099243,0.004578500986099243,0.004578500986099243
2020-09-26 05:00:00,0.019762934211001,0.013113538734614849,0.013113538734614849,0.013113538734614849
2020-09-26 06:00:00,0.0290015417260879,0.02108192630112171,0.02108192630112171,0.02108192630112171
2020-09-26 07:00:00,0.029741699669971,0.029428798705339432,0.029428798705339432,0.029428798705339432
2020-09-26 08:00:00,0.0309285219241132,0.033584605902433395,0.033584605902433395,0.033584605902433395
2020-09-26 09:00:00,0.0325972512965647,0.03543180972337723,0.03543180972337723,0.03543180972337723
2020-09-26 10:00:00,0.0318173833097537,0.03211064264178276,0.03211064264178276,0.03211064264178276
2020-09-26 11:00:00,0.0325445230237309,0.030080514028668404,0.030080514028668404,0.030080514028668404
2020-09-26 12:00:00,0.0303984834197673,0.026217209175229073,0.026217209175229073,0.026217209175229073
2020-09-26 13:00:00,0.0227033514065745,0.025899190455675125,0.025899190455675125,0.025899190455675125
2020-09-26 14:00:00,0.0265152325946898,0.028201034292578697,0.028201034292578697,0.028201034292578697
2020-09-26 15:00:00,0.0259356710671032,0.024692203849554062,0.024692203849554062,0.024692203849554062
2020-09-26 16:00:00,0.0255262651265135,0.028064699843525887,0.028064699843525887,0.028064699843525887
2020-09-26 17:00:00,0.0256499449949971,0.023418309167027473,0.023418309167027473,0.023418309167027473
2020-09-26 18:00:00,0.0213050980102977,0.022106368094682693,0.022106368094682693,0.022106368094682693
2020-09-26 19:00:00,0.0185377712771211,0.018657637760043144,0.018657637760043144,0.018657637760043144
2020-09-26 20:00:00,0.0134723147319718,0.017254166305065155,0.017254166305065155,0.017254166305065155
2020-09-26 21:00:00,0.0102186018606871,0.013851061463356018,0.013851061463356018,0.013851061463356018
2020-09-26 22:00:00,0.0084582883288274,0.008702898398041725,0.008702898398041725,0.008702898398041725
2020-09-26 23:00:00,0.0066117536758662,0.00739683210849762,0.00739683210849762,0.00739683210849762
2020-09-27 00:00:00,0.0035383213331237,0.0034620799124240875,0.0034620799124240875,0.0034620799124240875
2020-09-27 01:00:00,0.0033295754580338,0.005169771611690521,0.005169771611690521,0.005169771611690521
2020-09-27 02:00:00,0.0034892289228925,0.005346616730093956,0.005346616730093956,0.005346616730093956
2020-09-27 03:00:00,0.0039268526857629,0.005868671461939812,0.005868671461939812,0.005868671461939812
2020-09-27 04:00:00,0.0079169516956662,0.008936697617173195,0.008936697617173195,0.008936697617173195
2020-09-27 05:00:00,0.0125765676572628,0.018942296504974365,0.018942296504974365,0.018942296504974365
2020-09-27 06:00:00,0.0241009900990111,0.018988624215126038,0.018988624215126038,0.018988624215126038
2020-09-27 07:00:00,0.0272099727364008,0.023904144763946533,0.023904144763946533,0.023904144763946533
2020-09-27 08:00:00,0.0281141924445875,0.02753351256251335,0.02753351256251335,0.02753351256251335
2020-09-27 09:00:00,0.0267681528401294,0.027351558208465576,0.027351558208465576,0.027351558208465576
2020-09-27 10:00:00,0.0303804819301815,0.023258887231349945,0.023258887231349945,0.023258887231349945
2020-09-27 11:00:00,0.024307874669953,0.02579641342163086,0.02579641342163086,0.02579641342163086
2020-09-27 12:00:00,0.0201882377062533,0.026593998074531555,0.026593998074531555,0.026593998074531555
2020-09-27 13:00:00,0.0201659604780308,0.02946387603878975,0.02946387603878975,0.02946387603878975
2020-09-27 14:00:00,0.0235190132833139,0.026681363582611084,0.026681363582611084,0.026681363582611084
2020-09-27 15:00:00,0.0273550576020249,0.02473464608192444,0.02473464608192444,0.02473464608192444
2020-09-27 16:00:00,0.0283311184224097,0.029422521591186523,0.029422521591186523,0.029422521591186523
2020-09-27 17:00:00,0.0276925045610136,0.02759653702378273,0.02759653702378273,0.02759653702378273
2020-09-27 18:00:00,0.0253059534059045,0.02202645316720009,0.02202645316720009,0.02202645316720009
2020-09-27 19:00:00,0.0209099138019404,0.021936258301138878,0.021936258301138878,0.021936258301138878
2020-09-27 20:00:00,0.0164393692474764,0.01744554191827774,0.01744554191827774,0.01744554191827774
2020-09-27 21:00:00,0.0124832636369267,0.016044333577156067,0.016044333577156067,0.016044333577156067
2020-09-27 22:00:00,0.0075401943299969,0.009485546499490738,0.009485546499490738,0.009485546499490738
2020-09-27 23:00:00,0.0058248477953399,0.004503017291426659,0.004503017291426659,0.004503017291426659
2020-09-28 00:00:00,0.0034171391673322,0.004014952108263969,0.004014952108263969,0.004014952108263969
2020-09-28 01:00:00,0.0035984923026354,0.004827026277780533,0.004827026277780533,0.004827026277780533
2020-09-28 02:00:00,0.0047307883894102,0.004674069583415985,0.004674069583415985,0.004674069583415985
2020-09-28 03:00:00,0.0115385441649699,0.00902680866420269,0.00902680866420269,0.00902680866420269
2020-09-28 04:00:00,0.0172299633069014,0.014340908266603947,0.014340908266603947,0.014340908266603947
2020-09-28 05:00:00,0.0336220150125471,0.027552640065550804,0.027552640065550804,0.027552640065550804
2020-09-28 06:00:00,0.0300817627725468,0.03570329397916794,0.03570329397916794,0.03570329397916794
2020-09-28 07:00:00,0.0324256571619826,0.03573611378669739,0.03573611378669739,0.03573611378669739
2020-09-28 08:00:00,0.0386245020469883,0.04347629100084305,0.04347629100084305,0.04347629100084305
2020-09-28 09:00:00,0.0345003592750554,0.03445154428482056,0.03445154428482056,0.03445154428482056
2020-09-28 10:00:00,0.0326381480539253,0.03812814876437187,0.03812814876437187,0.03812814876437187
2020-09-28 11:00:00,0.0359896332024603,0.036432210355997086,0.036432210355997086,0.036432210355997086
2020-09-28 12:00:00,0.0317011843575666,0.030302558094263077,0.030302558094263077,0.030302558094263077
2020-09-28 13:00:00,0.0275328675258809,0.03805376589298248,0.03805376589298248,0.03805376589298248
2020-09-28 14:00:00,0.0329956012992594,0.028910823166370392,0.028910823166370392,0.028910823166370392
2020-09-28 15:00:00,0.0315203537745026,0.03284607082605362,0.03284607082605362,0.03284607082605362
2020-09-28 16:00:00,0.0250253042695566,0.03676311671733856,0.03676311671733856,0.03676311671733856
2020-09-28 17:00:00,0.0300744791870512,0.031211484223604202,0.031211484223604202,0.031211484223604202
2020-09-28 18:00:00,0.0235810798471142,0.02378717064857483,0.02378717064857483,0.02378717064857483
2020-09-28 19:00:00,0.0197221689560256,0.02168475277721882,0.02168475277721882,0.02168475277721882
2020-09-28 20:00:00,0.0152195436939968,0.015467870980501175,0.015467870980501175,0.015467870980501175
2020-09-28 21:00:00,0.0121708638265051,0.012020855210721493,0.012020855210721493,0.012020855210721493
2020-09-28 22:00:00,0.0095545271918493,0.010254657827317715,0.010254657827317715,0.010254657827317715
2020-09-28 23:00:00,0.0066835529520652,0.0038178768008947372,0.0038178768008947372,0.0038178768008947372
2020-09-29 00:00:00,0.0071196090576726,0.007094237953424454,0.007094237953424454,0.007094237953424454
2020-09-29 01:00:00,0.0044595430505809,0.005431534722447395,0.005431534722447395,0.005431534722447395
2020-09-29 02:00:00,0.0069966717644333,0.007135698571801186,0.007135698571801186,0.007135698571801186
2020-09-29 03:00:00,0.0096486637483644,0.011147787794470787,0.011147787794470787,0.011147787794470787
2020-09-29 04:00:00,0.0220261389958911,0.02290956862270832,0.02290956862270832,0.02290956862270832
2020-09-29 05:00:00,0.0352298626301195,0.036338821053504944,0.036338821053504944,0.036338821053504944
2020-09-29 06:00:00,0.0439723072307147,0.03519781306385994,0.03519781306385994,0.03519781306385994
2020-09-29 07:00:00,0.0478377775277593,0.03305087238550186,0.03305087238550186,0.03305087238550186
2020-09-29 08:00:00,0.0410089821482079,0.038278255611658096,0.038278255611658096,0.038278255611658096
2020-09-29 09:00:00,0.0517122824782405,0.033650707453489304,0.033650707453489304,0.033650707453489304
2020-09-29 10:00:00,0.0540081270627106,0.03447970002889633,0.03447970002889633,0.03447970002889633
2020-09-29 11:00:00,0.0426882425747473,0.03164203464984894,0.03164203464984894,0.03164203464984894
2020-09-29 12:00:00,0.0308483793022296,0.0337923988699913,0.0337923988699913,0.0337923988699913
2020-09-29 13:00:00,0.038226314238564,0.03022993542253971,0.03022993542253971,0.03022993542253971
2020-09-29 14:00:00,0.0384400106082049,0.02781934104859829,0.02781934104859829,0.02781934104859829
2020-09-29 15:00:00,0.0332666195190933,0.03157790005207062,0.03157790005207062,0.03157790005207062
2020-09-29 16:00:00,0.0338780056577094,0.030112888664007187,0.030112888664007187,0.030112888664007187
2020-09-29 17:00:00,0.0244104196133906,0.030600935220718384,0.030600935220718384,0.030600935220718384
2020-09-29 18:00:00,0.0207860796793979,0.025785550475120544,0.025785550475120544,0.025785550475120544
2020-09-29 19:00:00,0.024596487505885,0.024088742211461067,0.024088742211461067,0.024088742211461067
2020-09-29 20:00:00,0.016568434700619,0.017151039093732834,0.017151039093732834,0.017151039093732834
2020-09-29 21:00:00,0.0119058934469907,0.014524213969707489,0.014524213969707489,0.014524213969707489
2020-09-29 22:00:00,0.006707873644496,0.009246747940778732,0.009246747940778732,0.009246747940778732
2020-09-29 23:00:00,0.0050234677039223,0.00700468011200428,0.00700468011200428,0.00700468011200428
2020-09-30 00:00:00,0.0045762729849367,0.003386404365301132,0.003386404365301132,0.003386404365301132
2020-09-30 01:00:00,0.0034466171617133,0.00419052317738533,0.00419052317738533,0.00419052317738533
2020-09-30 02:00:00,0.0034111386138583,0.00666707381606102,0.00666707381606102,0.00666707381606102
2020-09-30 03:00:00,0.0103055280528046,0.010878033004701138,0.010878033004701138,0.010878033004701138
2020-09-30 04:00:00,0.0320934818481825,0.021878669038414955,0.021878669038414955,0.021878669038414955
2020-09-30 05:00:00,0.0284940594059394,0.027351127937436104,0.027351127937436104,0.027351127937436104
2020-09-30 06:00:00,0.0313249449945076,0.04171893745660782,0.04171893745660782,0.04171893745660782
2020-09-30 07:00:00,0.033733360836081,0.04652448743581772,0.04652448743581772,0.04652448743581772
2020-09-30 08:00:00,0.0393146118183311,0.04298495128750801,0.04298495128750801,0.04298495128750801
2020-09-30 09:00:00,0.0402572685839798,0.03980104625225067,0.03980104625225067,0.03980104625225067
2020-09-30 10:00:00,0.0391983930535959,0.03761746734380722,0.03761746734380722,0.03761746734380722
2020-09-30 11:00:00,0.0349426174760475,0.04184960573911667,0.04184960573911667,0.04184960573911667
2020-09-30 12:00:00,0.0382562666980867,0.034037135541439056,0.034037135541439056,0.034037135541439056
2020-09-30 13:00:00,0.0332983459060311,0.029238929972052574,0.029238929972052574,0.029238929972052574
2020-09-30 14:00:00,0.0369142699984212,0.03176450729370117,0.03176450729370117,0.03176450729370117
2020-09-30 15:00:00,0.029957174288853,0.030366476625204086,0.030366476625204086,0.030366476625204086
2020-09-30 16:00:00,0.0310957881502522,0.035216983407735825,0.035216983407735825,0.035216983407735825
2020-09-30 17:00:00,0.0335006639949652,0.027715180069208145,0.027715180069208145,0.027715180069208145
2020-09-30 18:00:00,0.0275136295772427,0.02487589232623577,0.02487589232623577,0.02487589232623577
2020-09-30 19:00:00,0.025013629577244,0.018555141985416412,0.018555141985416412,0.018555141985416412
2020-09-30 20:00:00,0.0142883820524946,0.016327567398548126,0.016327567398548126,0.016327567398548126
2020-09-30 21:00:00,0.0115231180265855,0.012137038633227348,0.012137038633227348,0.012137038633227348
2020-09-30 22:00:00,0.0082463853528149,0.007606521248817444,0.007606521248817444,0.007606521248817444
2020-09-30 23:00:00,0.001484834221966,0.0033167842775583267,0.0033167842775583267,0.0033167842775583267
2020-10-01 00:00:00,0.0134205563418407,0.003646690398454666,0.003646690398454666,0.003646690398454666
2020-10-01 01:00:00,0.0040443187175854,0.003385636955499649,0.003385636955499649,0.003385636955499649
2020-10-01 02:00:00,0.0054824375294623,0.0063832588493824005,0.0063832588493824005,0.0063832588493824005
2020-10-01 03:00:00,0.0070987741631337,0.010990964248776436,0.010990964248776436,0.010990964248776436
2020-10-01 04:00:00,0.0228512494106596,0.02571241371333599,0.02571241371333599,0.02571241371333599
2020-10-01 05:00:00,0.039918493635068,0.03371565043926239,0.03371565043926239,0.03371565043926239
2020-10-01 06:00:00,0.0369176685525746,0.034923091530799866,0.034923091530799866,0.034923091530799866
2020-10-01 07:00:00,0.0353194837340754,0.037363868206739426,0.037363868206739426,0.037363868206739426
2020-10-01 08:00:00,0.0465397807637996,0.03563915565609932,0.03563915565609932,0.03563915565609932
2020-10-01 09:00:00,0.0443321074964643,0.03407880291342735,0.03407880291342735,0.03407880291342735
2020-10-01 10:00:00,0.0314756718529061,0.030507218092679977,0.030507218092679977,0.030507218092679977
2020-10-01 11:00:00,0.0302830740216888,0.03177186846733093,0.03177186846733093,0.03177186846733093
2020-10-01 12:00:00,0.0412599717114517,0.03246062621474266,0.03246062621474266,0.03246062621474266
2020-10-01 13:00:00,0.028999245638848,0.03504972904920578,0.03504972904920578,0.03504972904920578
2020-10-01 14:00:00,0.0280274634606279,0.03167880326509476,0.03167880326509476,0.03167880326509476
2020-10-01 15:00:00,0.0301558462989198,0.030428795143961906,0.030428795143961906,0.030428795143961906
2020-10-01 16:00:00,0.0320006673194744,0.03352181240916252,0.03352181240916252,0.03352181240916252
2020-10-01 17:00:00,0.0337914713998886,0.029473332688212395,0.029473332688212395,0.029473332688212395
2020-10-01 18:00:00,0.0247365444786265,0.023997295647859573,0.023997295647859573,0.023997295647859573
2020-10-01 19:00:00,0.0247761484390228,0.02135281264781952,0.02135281264781952,0.02135281264781952
2020-10-01 20:00:00,0.0149464454687238,0.017214646562933922,0.017214646562933922,0.017214646562933922
2020-10-01 21:00:00,0.0130184633852918,0.014641311019659042,0.014641311019659042,0.014641311019659042
2020-10-01 22:00:00,0.0079070772461878,0.007005129009485245,0.007005129009485245,0.007005129009485245
2020-10-01 23:00:00,0.0081504765861216,0.005957717075943947,0.005957717075943947,0.005957717075943947
2020-10-02 00:00:00,0.0065234138803407,0.003747345879673958,0.003747345879673958,0.003747345879673958
2020-10-02 01:00:00,0.0054318297214409,0.003695456311106682,0.003695456311106682,0.003695456311106682
2020-10-02 02:00:00,0.0067635128897482,0.004298100247979164,0.004298100247979164,0.004298100247979164
2020-10-02 03:00:00,0.0116455260910701,0.013580525293946266,0.013580525293946266,0.013580525293946266
2020-10-02 04:00:00,0.0290717187103419,0.026287050917744637,0.026287050917744637,0.026287050917744637
2020-10-02 05:00:00,0.0304499999999903,0.027978593483567238,0.027978593483567238,0.027978593483567238
2020-10-02 06:00:00,0.0372973597359669,0.03616292029619217,0.03616292029619217,0.03616292029619217
2020-10-02 07:00:00,0.0431389438943939,0.037687234580516815,0.037687234580516815,0.037687234580516815
2020-10-02 08:00:00,0.0375424092409313,0.03527860715985298,0.03527860715985298,0.03527860715985298
2020-10-02 09:00:00,0.0345531353135361,0.03698471561074257,0.03698471561074257,0.03698471561074257
2020-10-02 10:00:00,0.0418407590758891,0.034032899886369705,0.034032899886369705,0.034032899886369705
2020-10-02 11:00:00,0.0388382838283784,0.036025986075401306,0.036025986075401306,0.036025986075401306
2020-10-02 12:00:00,0.0377929042904325,0.03188062459230423,0.03188062459230423,0.03188062459230423
2020-10-02 13:00:00,0.0377780528052945,0.031595610082149506,0.031595610082149506,0.031595610082149506
2020-10-02 14:00:00,0.0265511551155157,0.027331242337822914,0.027331242337822914,0.027331242337822914
2020-10-02 15:00:00,0.0297425742574231,0.03044477477669716,0.03044477477669716,0.03044477477669716
2020-10-02 16:00:00,0.0288094059405924,0.03077717311680317,0.03077717311680317,0.03077717311680317
2020-10-02 17:00:00,0.0267310231023078,0.03155628964304924,0.03155628964304924,0.03155628964304924
2020-10-02 18:00:00,0.0236119636968704,0.022465478628873825,0.022465478628873825,0.022465478628873825
2020-10-02 19:00:00,0.022173844884484,0.020630478858947754,0.020630478858947754,0.020630478858947754
2020-10-02 20:00:00,0.0197269251930185,0.0185931995511055,0.0185931995511055,0.0185931995511055
2020-10-02 21:00:00,0.0144684680968095,0.01114837359637022,0.01114837359637022,0.01114837359637022
2020-10-02 22:00:00,0.0103343921892159,0.010053886100649834,0.010053886100649834,0.010053886100649834
2020-10-02 23:00:00,0.0092863723882252,0.007042396813631058,0.007042396813631058,0.007042396813631058
2020-10-03 00:00:00,0.0058248973935893,0.0021694060415029526,0.0021694060415029526,0.0021694060415029526
2020-10-03 01:00:00,0.0046268775916033,0.0012097172439098358,0.0012097172439098358,0.0012097172439098358
2020-10-03 02:00:00,0.0045303429386364,0.0015389081090688705,0.0015389081090688705,0.0015389081090688705
2020-10-03 03:00:00,0.0037060855124115,0.0013583619147539139,0.0013583619147539139,0.0013583619147539139
2020-10-03 04:00:00,0.008351960099851,0.004568310454487801,0.004568310454487801,0.004568310454487801
2020-10-03 05:00:00,0.0188442593297723,0.014129026792943478,0.014129026792943478,0.014129026792943478
2020-10-03 06:00:00,0.0258917015740038,0.027354570105671883,0.027354570105671883,0.027354570105671883
2020-10-03 07:00:00,0.0315822956334147,0.03111189790070057,0.03111189790070057,0.03111189790070057
2020-10-03 08:00:00,0.0335827081746604,0.029383273795247078,0.029383273795247078,0.029383273795247078
2020-10-03 09:00:00,0.0339791603198847,0.03220943361520767,0.03220943361520767,0.03220943361520767
2020-10-03 10:00:00,0.0301917958691396,0.02675139158964157,0.02675139158964157,0.02675139158964157
2020-10-03 11:00:00,0.0265457562651843,0.031209096312522888,0.031209096312522888,0.031209096312522888
2020-10-03 12:00:00,0.0263757892684897,0.02629012241959572,0.02629012241959572,0.02629012241959572
2020-10-03 13:00:00,0.0251986027998458,0.02483190968632698,0.02483190968632698,0.02483190968632698
2020-10-03 14:00:00,0.0257332562651829,0.02440834976732731,0.02440834976732731,0.02440834976732731
2020-10-03 15:00:00,0.0249696424037952,0.02551814541220665,0.02551814541220665,0.02551814541220665
2020-10-03 16:00:00,0.0255785532948956,0.024495134130120277,0.024495134130120277,0.024495134130120277
2020-10-03 17:00:00,0.0251674854028734,0.023554598912596703,0.023554598912596703,0.023554598912596703
2020-10-03 18:00:00,0.0258462189012377,0.021351637318730354,0.021351637318730354,0.021351637318730354
2020-10-03 19:00:00,0.0246369398959134,0.018047966063022614,0.018047966063022614,0.018047966063022614
2020-10-03 20:00:00,0.0152508012825436,0.016878031194210052,0.016878031194210052,0.016878031194210052
2020-10-03 21:00:00,0.0163003062325509,0.012962681241333485,0.012962681241333485,0.012962681241333485
2020-10-03 22:00:00,0.0085107022721415,0.009245144203305244,0.009245144203305244,0.009245144203305244
2020-10-03 23:00:00,0.0063844646493847,0.005503352731466293,0.005503352731466293,0.005503352731466293
2020-10-04 00:00:00,0.0058861148133994,0.005740165710449219,0.005740165710449219,0.005740165710449219
2020-10-04 01:00:00,0.0036031115130805,0.0035362783819437027,0.0035362783819437027,0.0035362783819437027
2020-10-04 02:00:00,0.0036085634044222,0.003067364916205406,0.003067364916205406,0.003067364916205406
2020-10-04 03:00:00,0.0066687944275156,0.0029341280460357666,0.0029341280460357666,0.0029341280460357666
2020-10-04 04:00:00,0.0088247350215812,0.006407681852579117,0.006407681852579117,0.006407681852579117
2020-10-04 05:00:00,0.0154930518532641,0.012117297388613224,0.012117297388613224,0.012117297388613224
2020-10-04 06:00:00,0.0200532828763565,0.02222905308008194,0.02222905308008194,0.02222905308008194
2020-10-04 07:00:00,0.0265223422828031,0.027140263468027115,0.027140263468027115,0.027140263468027115
2020-10-04 08:00:00,0.0262441625412586,0.030397718772292137,0.030397718772292137,0.030397718772292137
2020-10-04 09:00:00,0.0318763978801693,0.030638664960861206,0.030638664960861206,0.030638664960861206
2020-10-04 10:00:00,0.0328300311899268,0.028136201202869415,0.028136201202869415,0.028136201202869415
2020-10-04 11:00:00,0.0283592184836657,0.02827400527894497,0.02827400527894497,0.02827400527894497
2020-10-04 12:00:00,0.0236937894407541,0.025776436552405357,0.025776436552405357,0.025776436552405357
2020-10-04 13:00:00,0.0254017102333342,0.0217949990183115,0.0217949990183115,0.0217949990183115
2020-10-04 14:00:00,0.0254691222706456,0.0237075574696064,0.0237075574696064,0.0237075574696064
2020-10-04 15:00:00,0.0236918945478866,0.025777297094464302,0.025777297094464302,0.025777297094464302
2020-10-04 16:00:00,0.026189006759098,0.028028249740600586,0.028028249740600586,0.028028249740600586
2020-10-04 17:00:00,0.0327101052975209,0.0292424988001585,0.0292424988001585,0.0292424988001585
2020-10-04 18:00:00,0.0234485541429113,0.021406453102827072,0.021406453102827072,0.021406453102827072
2020-10-04 19:00:00,0.0222528033173219,0.022304382175207138,0.022304382175207138,0.022304382175207138
2020-10-04 20:00:00,0.0178980178392725,0.017937008291482925,0.017937008291482925,0.017937008291482925
2020-10-04 21:00:00,0.0138542884663299,0.015406586229801178,0.015406586229801178,0.015406586229801178
2020-10-04 22:00:00,0.0094282862502442,0.007208866998553276,0.007208866998553276,0.007208866998553276
2020-10-04 23:00:00,0.0069385997820763,0.00499345175921917,0.00499345175921917,0.00499345175921917
2020-10-05 00:00:00,0.0069827416962747,0.0048248860985040665,0.0048248860985040665,0.0048248860985040665
2020-10-05 01:00:00,0.0054159100126111,0.004725364968180656,0.004725364968180656,0.004725364968180656
2020-10-05 02:00:00,0.0080966030824095,0.004471516236662865,0.004471516236662865,0.004471516236662865
2020-10-05 03:00:00,0.0107780180984241,0.00644485279917717,0.00644485279917717,0.00644485279917717
2020-10-05 04:00:00,0.0198683646330765,0.016132857650518417,0.016132857650518417,0.016132857650518417
2020-10-05 05:00:00,0.0247661178699247,0.028710689395666122,0.028710689395666122,0.028710689395666122
2020-10-05 06:00:00,0.0342018531101317,0.030373750254511833,0.030373750254511833,0.030373750254511833
2020-10-05 07:00:00,0.0428429422190395,0.03236299380660057,0.03236299380660057,0.03236299380660057
2020-10-05 08:00:00,0.0450415395787592,0.036942631006240845,0.036942631006240845,0.036942631006240845
2020-10-05 09:00:00,0.0403241678416193,0.03320292755961418,0.03320292755961418,0.03320292755961418
2020-10-05 10:00:00,0.042417814706261,0.03954959288239479,0.03954959288239479,0.03954959288239479
2020-10-05 11:00:00,0.0409301909439294,0.030900459736585617,0.030900459736585617,0.030900459736585617
2020-10-05 12:00:00,0.0368270556303799,0.030618762597441673,0.030618762597441673,0.030618762597441673
2020-10-05 13:00:00,0.0332692998547944,0.025077100843191147,0.025077100843191147,0.025077100843191147
2020-10-05 14:00:00,0.037148012726084,0.028778908774256706,0.028778908774256706,0.028778908774256706
2020-10-05 15:00:00,0.0332507354983734,0.030198927968740463,0.030198927968740463,0.030198927968740463
2020-10-05 16:00:00,0.0315576661914321,0.029480770230293274,0.029480770230293274,0.029480770230293274
2020-10-05 17:00:00,0.0325818561104333,0.02426024153828621,0.02426024153828621,0.02426024153828621
2020-10-05 18:00:00,0.0200408685501261,0.021394798532128334,0.021394798532128334,0.021394798532128334
2020-10-05 19:00:00,0.0251885583191061,0.022123854607343674,0.022123854607343674,0.022123854607343674
2020-10-05 20:00:00,0.0198399609593721,0.023158805444836617,0.023158805444836617,0.023158805444836617
2020-10-05 21:00:00,0.0112021721809924,0.017865478992462158,0.017865478992462158,0.017865478992462158
2020-10-05 22:00:00,0.0082921061739002,0.00768396258354187,0.00768396258354187,0.00768396258354187
2020-10-05 23:00:00,0.0060763470979873,0.00510992668569088,0.00510992668569088,0.00510992668569088
2020-10-06 00:00:00,0.0038587728410525,0.004273137077689171,0.004273137077689171,0.004273137077689171
2020-10-06 01:00:00,0.0035592678900661,0.005570089444518089,0.005570089444518089,0.005570089444518089
2020-10-06 02:00:00,0.0049445814214169,0.00453522801399231,0.00453522801399231,0.00453522801399231
2020-10-06 03:00:00,0.0082566276260353,0.007306305691599846,0.007306305691599846,0.007306305691599846
2020-10-06 04:00:00,0.0183777347367548,0.02108621597290039,0.02108621597290039,0.02108621597290039
2020-10-06 05:00:00,0.0298176687301475,0.03949028253555298,0.03949028253555298,0.03949028253555298
2020-10-06 06:00:00,0.0369373056938606,0.04285610467195511,0.04285610467195511,0.04285610467195511
2020-10-06 07:00:00,0.039504950672612,0.04443321004509926,0.04443321004509926,0.04443321004509926
2020-10-06 08:00:00,0.0323331684944079,0.03905612230300903,0.03905612230300903,0.03905612230300903
2020-10-06 09:00:00,0.0382287628157635,0.04211638122797012,0.04211638122797012,0.04211638122797012
2020-10-06 10:00:00,0.0383393238718512,0.041456203907728195,0.041456203907728195,0.041456203907728195
2020-10-06 11:00:00,0.0312210620456655,0.030660567805171013,0.030660567805171013,0.030660567805171013
2020-10-06 12:00:00,0.0404840983493073,0.02743946947157383,0.02743946947157383,0.02743946947157383
2020-10-06 13:00:00,0.0317108585253205,0.02925700694322586,0.02925700694322586,0.02925700694322586
2020-10-06 14:00:00,0.0342007217973645,0.02970244735479355,0.02970244735479355,0.02970244735479355
2020-10-06 15:00:00,0.0335652468368084,0.02698725275695324,0.02698725275695324,0.02698725275695324
2020-10-06 16:00:00,0.0321786367472496,0.029818562790751457,0.029818562790751457,0.029818562790751457
2020-10-06 17:00:00,0.0288411780018643,0.029713626950979233,0.029713626950979233,0.029713626950979233
2020-10-06 18:00:00,0.0258552044040073,0.021705375984311104,0.021705375984311104,0.021705375984311104
2020-10-06 19:00:00,0.0243428281663797,0.016070477664470673,0.016070477664470673,0.016070477664470673
2020-10-06 20:00:00,0.0193440657901455,0.01857505924999714,0.01857505924999714,0.01857505924999714
2020-10-06 21:00:00,0.0142313595210118,0.010407472029328346,0.010407472029328346,0.010407472029328346
2020-10-06 22:00:00,0.0090811945030133,0.006306737661361694,0.006306737661361694,0.006306737661361694
2020-10-06 23:00:00,0.0068906004436158,0.0036642849445343018,0.0036642849445343018,0.0036642849445343018
2020-10-07 00:00:00,0.0065378776718188,0.004441890865564346,0.004441890865564346,0.004441890865564346
2020-10-07 01:00:00,0.0067023550724692,0.0040150973945856094,0.0040150973945856094,0.0040150973945856094
2020-10-07 02:00:00,0.007751647858887,0.0055832695215940475,0.0055832695215940475,0.0055832695215940475
2020-10-07 03:00:00,0.0144463673308291,0.007829444482922554,0.007829444482922554,0.007829444482922554
2020-10-07 04:00:00,0.0230627039644938,0.018588850274682045,0.018588850274682045,0.018588850274682045
2020-10-07 05:00:00,0.034286163810467,0.03226255252957344,0.03226255252957344,0.03226255252957344
2020-10-07 06:00:00,0.0374393816327847,0.036766521632671356,0.036766521632671356,0.036766521632671356
2020-10-07 07:00:00,0.0378640240965082,0.03926873579621315,0.03926873579621315,0.03926873579621315
2020-10-07 08:00:00,0.0406572584199233,0.04104215279221535,0.04104215279221535,0.04104215279221535
2020-10-07 09:00:00,0.0418885624432063,0.03902319446206093,0.03902319446206093,0.03902319446206093
2020-10-07 10:00:00,0.0417891400009608,0.0318843349814415,0.0318843349814415,0.0318843349814415
2020-10-07 11:00:00,0.0364087769646397,0.03931597247719765,0.03931597247719765,0.03931597247719765
2020-10-07 12:00:00,0.0441843545224194,0.038426805287599564,0.038426805287599564,0.038426805287599564
2020-10-07 13:00:00,0.0337069205290129,0.04152381420135498,0.04152381420135498,0.04152381420135498
2020-10-07 14:00:00,0.0365353616611543,0.03189650923013687,0.03189650923013687,0.03189650923013687
2020-10-07 15:00:00,0.0321240580308148,0.029044348746538162,0.029044348746538162,0.029044348746538162
2020-10-07 16:00:00,0.0267063600110042,0.0328935869038105,0.0328935869038105,0.0328935869038105
2020-10-07 17:00:00,0.029293465150087,0.03038286790251732,0.03038286790251732,0.03038286790251732
2020-10-07 18:00:00,0.0243305938629557,0.025663770735263824,0.025663770735263824,0.025663770735263824
2020-10-07 19:00:00,0.0200904948530577,0.01988869160413742,0.01988869160413742,0.01988869160413742
2020-10-07 20:00:00,0.0165921450180694,0.017627641558647156,0.017627641558647156,0.017627641558647156
2020-10-07 21:00:00,0.0115737869322657,0.014524831436574459,0.014524831436574459,0.014524831436574459
2020-10-07 22:00:00,0.0082940839619692,0.007724590599536896,0.007724590599536896,0.007724590599536896
2020-10-07 23:00:00,0.0052767572292933,0.005357539281249046,0.005357539281249046,0.005357539281249046
2020-10-08 00:00:00,0.0045929111666117,0.002911088988184929,0.002911088988184929,0.002911088988184929
2020-10-08 01:00:00,0.003377564631462,0.004181094467639923,0.004181094467639923,0.004181094467639923
2020-10-08 02:00:00,0.0040978616611752,0.00556827150285244,0.00556827150285244,0.00556827150285244
2020-10-08 03:00:00,0.0101688187568723,0.007695131003856659,0.007695131003856659,0.007695131003856659
2020-10-08 04:00:00,0.0192558649614883,0.016513055190443993,0.016513055190443993,0.016513055190443993
2020-10-08 05:00:00,0.034973686743663,0.029715590178966522,0.029715590178966522,0.029715590178966522
2020-10-08 06:00:00,0.0318052667766886,0.03636063262820244,0.03636063262820244,0.03636063262820244
2020-10-08 07:00:00,0.032346685918577,0.04328184574842453,0.04328184574842453,0.04328184574842453
2020-10-08 08:00:00,0.0384865374037613,0.04889899492263794,0.04889899492263794,0.04889899492263794
2020-10-08 09:00:00,0.0366950082508044,0.039096180349588394,0.039096180349588394,0.039096180349588394
2020-10-08 10:00:00,0.0355192656765731,0.03894994407892227,0.03894994407892227,0.03894994407892227
2020-10-08 11:00:00,0.0344858498349864,0.043841712176799774,0.043841712176799774,0.043841712176799774
2020-10-08 12:00:00,0.0309775990099037,0.03327842429280281,0.03327842429280281,0.03327842429280281
2020-10-08 13:00:00,0.0375217409240866,0.037046510726213455,0.037046510726213455,0.037046510726213455
2020-10-08 14:00:00,0.0277368811881209,0.03080858662724495,0.03080858662724495,0.03080858662724495
2020-10-08 15:00:00,0.0295462871287139,0.03202901780605316,0.03202901780605316,0.03202901780605316
2020-10-08 16:00:00,0.0299331133113396,0.03523910790681839,0.03523910790681839,0.03523910790681839
2020-10-08 17:00:00,0.0278489548954873,0.03313444182276726,0.03313444182276726,0.03313444182276726
2020-10-08 18:00:00,0.0235304730473015,0.027880419045686722,0.027880419045686722,0.027880419045686722
2020-10-08 19:00:00,0.0214001100110022,0.024794096127152443,0.024794096127152443,0.024794096127152443
2020-10-08 20:00:00,0.0188440044004428,0.01957951858639717,0.01957951858639717,0.01957951858639717
2020-10-08 21:00:00,0.0136476347634728,0.015704963356256485,0.015704963356256485,0.015704963356256485
2020-10-08 22:00:00,0.0120572882288259,0.011171343736350536,0.011171343736350536,0.011171343736350536
2020-10-08 23:00:00,0.0062206545654556,0.004296787083148956,0.004296787083148956,0.004296787083148956
2020-10-09 00:00:00,0.005679400440049,0.0038010086864233017,0.0038010086864233017,0.0038010086864233017
2020-10-09 01:00:00,0.0063400165016453,0.004197403788566589,0.004197403788566589,0.004197403788566589
2020-10-09 02:00:00,0.0080553630362984,0.00520733930170536,0.00520733930170536,0.00520733930170536
2020-10-09 03:00:00,0.0132800605060579,0.009211491793394089,0.009211491793394089,0.009211491793394089
2020-10-09 04:00:00,0.0352850110010961,0.02808694913983345,0.02808694913983345,0.02808694913983345
2020-10-09 05:00:00,0.0353889713971276,0.03414662182331085,0.03414662182331085,0.03414662182331085
2020-10-09 06:00:00,0.0344450023573961,0.03817529231309891,0.03817529231309891,0.03817529231309891
2020-10-09 07:00:00,0.0363088637434995,0.047157786786556244,0.047157786786556244,0.047157786786556244
2020-10-09 08:00:00,0.0439771805751986,0.042423978447914124,0.042423978447914124,0.042423978447914124
2020-10-09 09:00:00,0.0423666195196111,0.04403945058584213,0.04403945058584213,0.04403945058584213
2020-10-09 10:00:00,0.0444643189949209,0.03915224224328995,0.03915224224328995,0.03915224224328995
2020-10-09 11:00:00,0.0298313220413824,0.03982285410165787,0.03982285410165787,0.03982285410165787
2020-10-09 12:00:00,0.0416394903582114,0.031469542533159256,0.031469542533159256,0.031469542533159256
2020-10-09 13:00:00,0.0383352721879534,0.03469371050596237,0.03469371050596237,0.03469371050596237
2020-10-09 14:00:00,0.0301508662473472,0.030239123851060867,0.030239123851060867,0.030239123851060867
2020-10-09 15:00:00,0.0302548266433965,0.030064750462770462,0.030064750462770462,0.030064750462770462
2020-10-09 16:00:00,0.0286013612968604,0.031444303691387177,0.031444303691387177,0.031444303691387177
2020-10-09 17:00:00,0.0206603684475809,0.024172669276595116,0.024172669276595116,0.024172669276595116
2020-10-09 18:00:00,0.0273299229030283,0.02040121518075466,0.02040121518075466,0.02040121518075466
2020-10-09 19:00:00,0.0225155664673744,0.0188567154109478,0.0188567154109478,0.0188567154109478
2020-10-09 20:00:00,0.019580582969027,0.01657058298587799,0.01657058298587799,0.01657058298587799
2020-10-09 21:00:00,0.0140129262038501,0.014220071956515312,0.014220071956515312,0.014220071956515312
2020-10-09 22:00:00,0.0080614685575854,0.010516565293073654,0.010516565293073654,0.010516565293073654
2020-10-09 23:00:00,0.0069525576669987,0.005623888224363327,0.005623888224363327,0.005623888224363327
2020-10-10 00:00:00,0.0042411651815885,0.0025601964443922043,0.0025601964443922043,0.0025601964443922043
2020-10-10 01:00:00,0.0036642733847782,0.0023955944925546646,0.0023955944925546646,0.0023955944925546646
2020-10-10 02:00:00,0.0043261545733829,0.0029395073652267456,0.0029395073652267456,0.0029395073652267456
2020-10-10 03:00:00,0.0050556592460467,0.004559259861707687,0.004559259861707687,0.004559259861707687
2020-10-10 04:00:00,0.0099417978599108,0.01020095869898796,0.01020095869898796,0.01020095869898796
2020-10-10 05:00:00,0.0172582170018229,0.015600101090967655,0.015600101090967655,0.015600101090967655
2020-10-10 06:00:00,0.0255073919193246,0.025724967941641808,0.025724967941641808,0.025724967941641808
2020-10-10 07:00:00,0.0327435030304244,0.02928062714636326,0.02928062714636326,0.02928062714636326
2020-10-10 08:00:00,0.0267619152287847,0.03134169802069664,0.03134169802069664,0.03134169802069664
2020-10-10 09:00:00,0.0331963211693867,0.034109923988580704,0.034109923988580704,0.034109923988580704
2020-10-10 10:00:00,0.0315180444131289,0.03187165781855583,0.03187165781855583,0.03187165781855583
2020-10-10 11:00:00,0.0237776153702401,0.02841373346745968,0.02841373346745968,0.02841373346745968
2020-10-10 12:00:00,0.0250506437817721,0.02344871684908867,0.02344871684908867,0.02344871684908867
2020-10-10 13:00:00,0.0226080695243429,0.022650111466646194,0.022650111466646194,0.022650111466646194
2020-10-10 14:00:00,0.0215032840457987,0.029438814148306847,0.029438814148306847,0.029438814148306847
2020-10-10 15:00:00,0.0215952807454642,0.025398196652531624,0.025398196652531624,0.025398196652531624
2020-10-10 16:00:00,0.0272135975771517,0.025493832305073738,0.025493832305073738,0.025493832305073738
2020-10-10 17:00:00,0.0278532015375367,0.023818857967853546,0.023818857967853546,0.023818857967853546
2020-10-10 18:00:00,0.0235173929571771,0.02083711326122284,0.02083711326122284,0.02083711326122284
2020-10-10 19:00:00,0.0217382900464033,0.014809288084506989,0.014809288084506989,0.014809288084506989
2020-10-10 20:00:00,0.015850501267513,0.015353880822658539,0.015353880822658539,0.015353880822658539
2020-10-10 21:00:00,0.0119313593543188,0.013329765759408474,0.013329765759408474,0.013329765759408474
2020-10-10 22:00:00,0.0096032240397998,0.008963119238615036,0.008963119238615036,0.008963119238615036
2020-10-10 23:00:00,0.0067929930166937,0.0049885343760252,0.0049885343760252,0.0049885343760252
2020-10-11 00:00:00,0.0066032240402877,0.003760131075978279,0.003760131075978279,0.003760131075978279
2020-10-11 01:00:00,0.0062213287074067,0.0034707747399806976,0.0034707747399806976,0.0034707747399806976
2020-10-11 02:00:00,0.0052782594004778,0.0032112114131450653,0.0032112114131450653,0.0032112114131450653
2020-10-11 03:00:00,0.0053236389394108,0.003611583262681961,0.003611583262681961,0.003611583262681961
2020-10-11 04:00:00,0.0077568072552649,0.006392387673258781,0.006392387673258781,0.006392387673258781
2020-10-11 05:00:00,0.0154275993344636,0.011689337901771069,0.011689337901771069,0.011689337901771069
2020-10-11 06:00:00,0.0206563829271106,0.021124089136719704,0.021124089136719704,0.021124089136719704
2020-10-11 07:00:00,0.0273707393627636,0.023587673902511597,0.023587673902511597,0.023587673902511597
2020-10-11 08:00:00,0.0291074201736917,0.025774357840418816,0.025774357840418816,0.025774357840418816
2020-10-11 09:00:00,0.0347270571373944,0.033695340156555176,0.033695340156555176,0.033695340156555176
2020-10-11 10:00:00,0.0324390444085295,0.032542306929826736,0.032542306929826736,0.032542306929826736
2020-10-11 11:00:00,0.0270565361567176,0.026490142568945885,0.026490142568945885,0.026490142568945885
2020-10-11 12:00:00,0.0289065361567281,0.023556070402264595,0.023556070402264595,0.023556070402264595
2020-10-11 13:00:00,0.026596734176526,0.0251222662627697,0.0251222662627697,0.0251222662627697
2020-10-11 14:00:00,0.026606856806431,0.024174218997359276,0.024174218997359276,0.024174218997359276
2020-10-11 15:00:00,0.0280944805688077,0.026318730786442757,0.026318730786442757,0.026318730786442757
2020-10-11 16:00:00,0.0254292990506565,0.028821269050240517,0.028821269050240517,0.028821269050240517
2020-10-11 17:00:00,0.0261295642557544,0.02677597850561142,0.02677597850561142,0.02677597850561142
2020-10-11 18:00:00,0.0246361649158146,0.02445795387029648,0.02445795387029648,0.02445795387029648
2020-10-11 19:00:00,0.0246495312524427,0.02269102819263935,0.02269102819263935,0.02269102819263935
2020-10-11 20:00:00,0.0170742130063445,0.020185304805636406,0.020185304805636406,0.020185304805636406
2020-10-11 21:00:00,0.0135689324787784,0.013588448986411095,0.013588448986411095,0.013588448986411095
2020-10-11 22:00:00,0.008516952280271,0.008976701647043228,0.008976701647043228,0.008976701647043228
2020-10-11 23:00:00,0.0058907146565003,0.004802415147423744,0.004802415147423744,0.004802415147423744
2020-10-12 00:00:00,0.0050136519507298,0.0012958832085132599,0.0012958832085132599,0.0012958832085132599
2020-10-12 01:00:00,0.004809709234537,0.0018787793815135956,0.0018787793815135956,0.0018787793815135956
2020-10-12 02:00:00,0.0037756058241885,0.004055142402648926,0.004055142402648926,0.004055142402648926
2020-10-12 03:00:00,0.0260211503786466,0.006612943485379219,0.006612943485379219,0.006612943485379219
2020-10-12 04:00:00,0.024601018365448,0.014111318625509739,0.014111318625509739,0.014111318625509739
2020-10-12 05:00:00,0.0288749457581857,0.03143901750445366,0.03143901750445366,0.03143901750445366
2020-10-12 06:00:00,0.0350845167152897,0.03381786495447159,0.03381786495447159,0.03381786495447159
2020-10-12 07:00:00,0.0332002741733772,0.03841429203748703,0.03841429203748703,0.03841429203748703
2020-10-12 08:00:00,0.0347922119385931,0.037863731384277344,0.037863731384277344,0.037863731384277344
2020-10-12 09:00:00,0.0421733479469098,0.03441577032208443,0.03441577032208443,0.03441577032208443
2020-10-12 10:00:00,0.0317632819403258,0.04371531680226326,0.04371531680226326,0.04371531680226326
2020-10-12 11:00:00,0.0344780784199644,0.0389583520591259,0.0389583520591259,0.0389583520591259
2020-10-12 12:00:00,0.0447916097730991,0.03632795065641403,0.03632795065641403,0.03632795065641403
2020-10-12 13:00:00,0.0348918572978718,0.03429257869720459,0.03429257869720459,0.03429257869720459
2020-10-12 14:00:00,0.0347922580522125,0.03397916257381439,0.03397916257381439,0.03397916257381439
2020-10-12 15:00:00,0.0404807894053545,0.03842464089393616,0.03842464089393616,0.03842464089393616
2020-10-12 16:00:00,0.0347481161380364,0.03724601864814758,0.03724601864814758,0.03724601864814758
2020-10-12 17:00:00,0.0296856573921546,0.03209100663661957,0.03209100663661957,0.03209100663661957
2020-10-12 18:00:00,0.0224645352804307,0.025542844086885452,0.025542844086885452,0.025542844086885452
2020-10-12 19:00:00,0.0267430006264841,0.020490555092692375,0.020490555092692375,0.020490555092692375
2020-10-12 20:00:00,0.0158342674454626,0.017601916566491127,0.017601916566491127,0.017601916566491127
2020-10-12 21:00:00,0.0141195102559539,0.012012811377644539,0.012012811377644539,0.012012811377644539
2020-10-12 22:00:00,0.0078870020046406,0.009425023570656776,0.009425023570656776,0.009425023570656776
2020-10-12 23:00:00,0.0057624145458906,0.006621668115258217,0.006621668115258217,0.006621668115258217
2020-10-13 00:00:00,0.0034843617411017,0.004111789166927338,0.004111789166927338,0.004111789166927338
2020-10-13 01:00:00,0.00313205150959,0.0019108578562736511,0.0019108578562736511,0.0019108578562736511
2020-10-13 02:00:00,0.005275340838517,0.003848191350698471,0.003848191350698471,0.003848191350698471
2020-10-13 03:00:00,0.0055764959540316,0.008591700345277786,0.008591700345277786,0.008591700345277786
2020-10-13 04:00:00,0.0114563689037197,0.02273375540971756,0.02273375540971756,0.02273375540971756
2020-10-13 05:00:00,0.023302903557202,0.03410499542951584,0.03410499542951584,0.03410499542951584
2020-10-13 06:00:00,0.046865609827821,0.038447026163339615,0.038447026163339615,0.038447026163339615
2020-10-13 07:00:00,0.042544254416431,0.041544582694768906,0.041544582694768906,0.041544582694768906
2020-10-13 08:00:00,0.0389179342843932,0.045582741498947144,0.045582741498947144,0.045582741498947144
2020-10-13 09:00:00,0.044293655196813,0.03652443736791611,0.03652443736791611,0.03652443736791611
2020-10-13 10:00:00,0.0509009159228753,0.035644374787807465,0.035644374787807465,0.035644374787807465
2020-10-13 11:00:00,0.0320035011813936,0.03838758543133736,0.03838758543133736,0.03838758543133736
2020-10-13 12:00:00,0.0468493757688547,0.03870357573032379,0.03870357573032379,0.03870357573032379
2020-10-13 13:00:00,0.0322033361649011,0.03343264386057854,0.03343264386057854,0.03343264386057854
2020-10-13 14:00:00,0.0265552338546671,0.032807786017656326,0.032807786017656326,0.032807786017656326
2020-10-13 15:00:00,0.0322433526665438,0.03544219583272934,0.03544219583272934,0.03544219583272934
2020-10-13 16:00:00,0.0317326265939401,0.03841596469283104,0.03841596469283104,0.03841596469283104
2020-10-13 17:00:00,0.0290876595972485,0.02955857291817665,0.02955857291817665,0.02955857291817665
2020-10-13 18:00:00,0.0247605968909602,0.02675996720790863,0.02675996720790863,0.02675996720790863
2020-10-13 19:00:00,0.0226863394652326,0.022794831544160843,0.022794831544160843,0.022794831544160843
2020-10-13 20:00:00,0.0230625770889883,0.01797180250287056,0.01797180250287056,0.01797180250287056
2020-10-13 21:00:00,0.0174639797292509,0.013047268614172935,0.013047268614172935,0.013047268614172935
2020-10-13 22:00:00,0.0100097155528418,0.0091820377856493,0.0091820377856493,0.0091820377856493
2020-10-13 23:00:00,0.0079671412954006,0.007200067862868309,0.007200067862868309,0.007200067862868309
2020-10-14 00:00:00,0.0056272073020195,0.004302948713302612,0.004302948713302612,0.004302948713302612
2020-10-14 01:00:00,0.0059364953736726,0.0036645308136940002,0.0036645308136940002,0.0036645308136940002
2020-10-14 02:00:00,0.0054884755716962,0.004793006926774979,0.004793006926774979,0.004793006926774979
2020-10-14 03:00:00,0.0073935910832544,0.008164303377270699,0.008164303377270699,0.008164303377270699
2020-10-14 04:00:00,0.0138762643505787,0.01661309227347374,0.01661309227347374,0.01661309227347374
2020-10-14 05:00:00,0.0330861790920246,0.03323764353990555,0.03323764353990555,0.03323764353990555
2020-10-14 06:00:00,0.0399535470788528,0.03853054344654083,0.03853054344654083,0.03853054344654083
2020-10-14 07:00:00,0.0349015668808257,0.04446887969970703,0.04446887969970703,0.04446887969970703
2020-10-14 08:00:00,0.0395855602801738,0.042332228273153305,0.042332228273153305,0.042332228273153305
2020-10-14 09:00:00,0.0337865241265459,0.03664997220039368,0.03664997220039368,0.03664997220039368
2020-10-14 10:00:00,0.0375088013542664,0.04016527533531189,0.04016527533531189,0.04016527533531189
2020-10-14 11:00:00,0.0321218376579173,0.042109087109565735,0.042109087109565735,0.042109087109565735
2020-10-14 12:00:00,0.0304783965896671,0.034838978201150894,0.034838978201150894,0.034838978201150894
2020-10-14 13:00:00,0.0256708470846839,0.03528384491801262,0.03528384491801262,0.03528384491801262
2020-10-14 14:00:00,0.0262704620462199,0.031544771045446396,0.031544771045446396,0.031544771045446396
2020-10-14 15:00:00,0.0294209363793444,0.03154168650507927,0.03154168650507927,0.03154168650507927
2020-10-14 16:00:00,0.0276115304387502,0.03169979527592659,0.03169979527592659,0.03169979527592659
2020-10-14 17:00:00,0.0294525252530367,0.028250539675354958,0.028250539675354958,0.028250539675354958
2020-10-14 18:00:00,0.0227524427442684,0.02337835170328617,0.02337835170328617,0.02337835170328617
2020-10-14 19:00:00,0.0219003918248981,0.021745605394244194,0.021745605394244194,0.021745605394244194
2020-10-14 20:00:00,0.0179503918248899,0.017493464052677155,0.017493464052677155,0.017493464052677155
2020-10-14 21:00:00,0.014666563442066,0.013319253921508789,0.013319253921508789,0.013319253921508789
2020-10-14 22:00:00,0.0080109960996032,0.010099987499415874,0.010099987499415874,0.010099987499415874
2020-10-14 23:00:00,0.0051421842184289,0.005637388676404953,0.005637388676404953,0.005637388676404953
2020-10-15 00:00:00,0.0043332283228281,0.00278451107442379,0.00278451107442379,0.00278451107442379
2020-10-15 01:00:00,0.0042601260126048,0.0024598874151706696,0.0024598874151706696,0.0024598874151706696
2020-10-15 02:00:00,0.0057063375980433,0.005135154351592064,0.005135154351592064,0.005135154351592064
2020-10-15 03:00:00,0.0272046874330297,0.00668695941567421,0.00668695941567421,0.00668695941567421
2020-10-15 04:00:00,0.0284934663109064,0.020038630813360214,0.020038630813360214,0.020038630813360214
2020-10-15 05:00:00,0.0322870974597581,0.037316784262657166,0.037316784262657166,0.037316784262657166
2020-10-15 06:00:00,0.0461922129712912,0.04572932422161102,0.04572932422161102,0.04572932422161102
2020-10-15 07:00:00,0.0407606240981332,0.044988229870796204,0.044988229870796204,0.044988229870796204
2020-10-15 08:00:00,0.0430749805337636,0.041780024766922,0.041780024766922,0.041780024766922
2020-10-15 09:00:00,0.0378892735015162,0.03756649047136307,0.03756649047136307,0.03756649047136307
2020-10-15 10:00:00,0.0341658824124136,0.03808075189590454,0.03808075189590454,0.03808075189590454
2020-10-15 11:00:00,0.0382962079449781,0.029945893213152885,0.029945893213152885,0.029945893213152885
2020-10-15 12:00:00,0.031484397478207,0.030178027227520943,0.030178027227520943,0.030178027227520943
2020-10-15 13:00:00,0.0364002390623765,0.030475933104753494,0.030475933104753494,0.030475933104753494
2020-10-15 14:00:00,0.0228735107316421,0.032403651624917984,0.032403651624917984,0.032403651624917984
2020-10-15 15:00:00,0.0327278836689341,0.0314105749130249,0.0314105749130249,0.0314105749130249
2020-10-15 16:00:00,0.0256429001705881,0.033445000648498535,0.033445000648498535,0.033445000648498535
2020-10-15 17:00:00,0.0272771093607228,0.02812824957072735,0.02812824957072735,0.02812824957072735
2020-10-15 18:00:00,0.0277663832881327,0.025694428011775017,0.025694428011775017,0.025694428011775017
2020-10-15 19:00:00,0.0188253766874619,0.02197713404893875,0.02197713404893875,0.02197713404893875
2020-10-15 20:00:00,0.0166471588656959,0.017456883564591408,0.017456883564591408,0.017456883564591408
2020-10-15 21:00:00,0.0121059047402655,0.014856720343232155,0.014856720343232155,0.014856720343232155
2020-10-15 22:00:00,0.0087556381751501,0.01013850886374712,0.01013850886374712,0.01013850886374712
2020-10-15 23:00:00,0.0041553906504096,0.004909811541438103,0.004909811541438103,0.004909811541438103
2020-10-16 00:00:00,0.0044953246437899,0.00589112751185894,0.00589112751185894,0.00589112751185894
2020-10-16 01:00:00,0.0034053906503986,0.006061514839529991,0.006061514839529991,0.006061514839529991
2020-10-16 02:00:00,0.0039623213434763,0.005350930616259575,0.005350930616259575,0.005350930616259575
2020-10-16 03:00:00,0.0068076018715228,0.009014295414090157,0.009014295414090157,0.009014295414090157
2020-10-16 04:00:00,0.0139495160629265,0.02312495931982994,0.02312495931982994,0.02312495931982994
2020-10-16 05:00:00,0.0334173378451256,0.03674936294555664,0.03674936294555664,0.03674936294555664
2020-10-16 06:00:00,0.0388811248831739,0.035380929708480835,0.035380929708480835,0.035380929708480835
2020-10-16 07:00:00,0.0377433361042723,0.04079558327794075,0.04079558327794075,0.04079558327794075
2020-10-16 08:00:00,0.04387815458664,0.033873043954372406,0.033873043954372406,0.033873043954372406
2020-10-16 09:00:00,0.0360628862171979,0.04602823406457901,0.04602823406457901,0.04602823406457901
2020-10-16 10:00:00,0.0363436892974995,0.040578410029411316,0.040578410029411316,0.040578410029411316
2020-10-16 11:00:00,0.0343205869872632,0.03833881393074989,0.03833881393074989,0.03833881393074989
2020-10-16 12:00:00,0.0315976496935531,0.03794647753238678,0.03794647753238678,0.03794647753238678
2020-10-16 13:00:00,0.0269186067892523,0.03116399236023426,0.03116399236023426,0.03116399236023426
2020-10-16 14:00:00,0.0237822206506307,0.025752615183591843,0.025752615183591843,0.025752615183591843
2020-10-16 15:00:00,0.030510768505422,0.029710080474615097,0.029710080474615097,0.029710080474615097
2020-10-16 16:00:00,0.0311260050290696,0.029902758076786995,0.029902758076786995,0.029902758076786995
2020-10-16 17:00:00,0.0248934653465354,0.027213318273425102,0.027213318273425102,0.027213318273425102
2020-10-16 18:00:00,0.0195634323432315,0.019513454288244247,0.019513454288244247,0.019513454288244247
2020-10-16 19:00:00,0.0185921654797033,0.021282970905303955,0.021282970905303955,0.021282970905303955
2020-10-16 20:00:00,0.0226147963142249,0.01554614957422018,0.01554614957422018,0.01554614957422018
2020-10-16 21:00:00,0.0159617435089312,0.014195847325026989,0.014195847325026989,0.014195847325026989
2020-10-16 22:00:00,0.0101597633109239,0.011663693934679031,0.011663693934679031,0.011663693934679031
2020-10-16 23:00:00,0.0050483771723012,0.004480801522731781,0.004480801522731781,0.004480801522731781
2020-10-17 00:00:00,0.0046733771723089,0.005281960591673851,0.005281960591673851,0.005281960591673851
2020-10-17 01:00:00,0.0037176566002424,0.001393074169754982,0.001393074169754982,0.001393074169754982
2020-10-17 02:00:00,0.0033038777223646,0.00230964832007885,0.00230964832007885,0.00230964832007885
2020-10-17 03:00:00,0.0053608084154213,0.004030562937259674,0.004030562937259674,0.004030562937259674
2020-10-17 04:00:00,0.0076537292075127,0.009083427488803864,0.009083427488803864,0.009083427488803864
2020-10-17 05:00:00,0.0143808744220189,0.016765791922807693,0.016765791922807693,0.016765791922807693
2020-10-17 06:00:00,0.0261708909236805,0.026466114446520805,0.026466114446520805,0.026466114446520805
2020-10-17 07:00:00,0.0312867775123442,0.030721934512257576,0.030721934512257576,0.030721934512257576
2020-10-17 08:00:00,0.0276482049050751,0.030432313680648804,0.030432313680648804,0.030432313680648804
2020-10-17 09:00:00,0.034914294013983,0.03316263109445572,0.03316263109445572,0.03316263109445572
2020-10-17 10:00:00,0.0326341097455567,0.032535262405872345,0.032535262405872345,0.032535262405872345
2020-10-17 11:00:00,0.0309781691515089,0.026178723201155663,0.026178723201155663,0.026178723201155663
2020-10-17 12:00:00,0.0248275915937504,0.02700836770236492,0.02700836770236492,0.02700836770236492
2020-10-17 13:00:00,0.0235109336121488,0.024678977206349373,0.024678977206349373,0.024678977206349373
2020-10-17 14:00:00,0.0226201267683141,0.021752167493104935,0.021752167493104935,0.021752167493104935
2020-10-17 15:00:00,0.0213437241280564,0.027770886197686195,0.027770886197686195,0.027770886197686195
2020-10-17 16:00:00,0.0252603907947181,0.023905884474515915,0.023905884474515915,0.023905884474515915
2020-10-17 17:00:00,0.0249597719828351,0.025339605286717415,0.025339605286717415,0.025339605286717415
2020-10-17 18:00:00,0.0278620372098524,0.02068222127854824,0.02068222127854824,0.02068222127854824
2020-10-17 19:00:00,0.0170172558562211,0.021535713225603104,0.021535713225603104,0.021535713225603104
2020-10-17 20:00:00,0.0172581799486426,0.01816539466381073,0.01816539466381073,0.01816539466381073
2020-10-17 21:00:00,0.0132408532164489,0.012140377424657345,0.012140377424657345,0.012140377424657345
2020-10-17 22:00:00,0.0118316948006253,0.009328490123152733,0.009328490123152733,0.009328490123152733
2020-10-17 23:00:00,0.0085042549132731,0.0049140192568302155,0.0049140192568302155,0.0049140192568302155
2020-10-18 00:00:00,0.0046403935276234,0.003926744684576988,0.003926744684576988,0.003926744684576988
2020-10-18 01:00:00,0.0037279554083182,0.0038459859788417816,0.0038459859788417816,0.0038459859788417816
2020-10-18 02:00:00,0.0032168167944723,0.003640267997980118,0.003640267997980118,0.003640267997980118
2020-10-18 03:00:00,0.0047069158048546,0.003462469205260277,0.003462469205260277,0.003462469205260277
2020-10-18 04:00:00,0.006134638576637,0.008244352415204048,0.008244352415204048,0.008244352415204048
2020-10-18 05:00:00,0.0156287687039441,0.015603633597493172,0.015603633597493172,0.015603633597493172
2020-10-18 06:00:00,0.0207270006699962,0.026052314788103104,0.026052314788103104,0.026052314788103104
2020-10-18 07:00:00,0.029384178887808,0.027819188311696053,0.027819188311696053,0.027819188311696053
2020-10-18 08:00:00,0.0332975452244432,0.030347146093845367,0.030347146093845367,0.030347146093845367
2020-10-18 09:00:00,0.0301374792178477,0.03045271895825863,0.03045271895825863,0.03045271895825863
2020-10-18 10:00:00,0.0267948106652827,0.026308994740247726,0.026308994740247726,0.026308994740247726
2020-10-18 11:00:00,0.03294597188985,0.028658896684646606,0.028658896684646606,0.028658896684646606
2020-10-18 12:00:00,0.0253937559539603,0.026165038347244263,0.026165038347244263,0.026165038347244263
2020-10-18 13:00:00,0.0231759341717937,0.022570660337805748,0.022570660337805748,0.022570660337805748
2020-10-18 14:00:00,0.0237529556239411,0.02272452600300312,0.02272452600300312,0.02272452600300312
2020-10-18 15:00:00,0.0265582361519869,0.026120975613594055,0.026120975613594055,0.026120975613594055
2020-10-18 16:00:00,0.0247509754259172,0.030585091561079025,0.030585091561079025,0.030585091561079025
2020-10-18 17:00:00,0.0279564758866798,0.023522213101387024,0.023522213101387024,0.023522213101387024
2020-10-18 18:00:00,0.0254519968673389,0.021521516144275665,0.021521516144275665,0.021521516144275665
2020-10-18 19:00:00,0.0193026569333562,0.021580195054411888,0.021580195054411888,0.021580195054411888
2020-10-18 20:00:00,0.0173076074284045,0.016659758985042572,0.016659758985042572,0.016659758985042572
2020-10-18 21:00:00,0.0125877229399519,0.012495515868067741,0.012495515868067741,0.012495515868067741
2020-10-18 22:00:00,0.0068164770658623,0.00940665788948536,0.00940665788948536,0.00940665788948536
2020-10-18 23:00:00,0.0051643672115189,0.004791293293237686,0.004791293293237686,0.004791293293237686
2020-10-19 00:00:00,0.0040919662214241,0.004159970209002495,0.004159970209002495,0.004159970209002495
2020-10-19 01:00:00,0.0033040124260485,0.0037066135555505753,0.0037066135555505753,0.0037066135555505753
2020-10-19 02:00:00,0.0053485668814963,0.004000438377261162,0.004000438377261162,0.004000438377261162
2020-10-19 03:00:00,0.0084927826188551,0.009635776281356812,0.009635776281356812,0.009635776281356812
2020-10-19 04:00:00,0.0197661099515797,0.015891343355178833,0.015891343355178833,0.015891343355178833
2020-10-19 05:00:00,0.0274038987304637,0.02964976243674755,0.02964976243674755,0.02964976243674755
2020-10-19 06:00:00,0.0311315036338162,0.036061640828847885,0.036061640828847885,0.036061640828847885
2020-10-19 07:00:00,0.0428161279786109,0.038203902542591095,0.038203902542591095,0.038203902542591095
2020-10-19 08:00:00,0.0387279914863655,0.040765389800071716,0.040765389800071716,0.040765389800071716
2020-10-19 09:00:00,0.0409275435844598,0.043674103915691376,0.043674103915691376,0.043674103915691376
2020-10-19 10:00:00,0.0408301838484671,0.04089781269431114,0.04089781269431114,0.04089781269431114
2020-10-19 11:00:00,0.0364374445745529,0.04038667306303978,0.04038667306303978,0.04038667306303978
2020-10-19 12:00:00,0.0351572465547431,0.030717218294739723,0.030717218294739723,0.030717218294739723
2020-10-19 13:00:00,0.0356772184048627,0.031178079545497894,0.031178079545497894,0.031178079545497894
2020-10-19 14:00:00,0.0305148421672502,0.02802596054971218,0.02802596054971218,0.02802596054971218
2020-10-19 15:00:00,0.0290214428273061,0.03541743755340576,0.03541743755340576,0.03541743755340576
2020-10-19 16:00:00,0.0321449105312239,0.034223608672618866,0.034223608672618866,0.034223608672618866
2020-10-19 17:00:00,0.0295389974399157,0.028694935142993927,0.028694935142993927,0.028694935142993927
2020-10-19 18:00:00,0.026098403380523,0.023564426228404045,0.023564426228404045,0.023564426228404045
2020-10-19 19:00:00,0.019321175657729,0.022147223353385925,0.022147223353385925,0.022147223353385925
2020-10-19 20:00:00,0.0166033538755605,0.015949971973896027,0.015949971973896027,0.015949971973896027
2020-10-19 21:00:00,0.0173294264828174,0.012860824353992939,0.012860824353992939,0.012860824353992939
2020-10-19 22:00:00,0.0089596245026213,0.0112198106944561,0.0112198106944561,0.0112198106944561
2020-10-19 23:00:00,0.0066213406742381,0.005314646288752556,0.005314646288752556,0.005314646288752556
2020-10-20 00:00:00,0.0041042614663223,0.0028619058430194855,0.0028619058430194855,0.0028619058430194855
2020-10-20 01:00:00,0.0044304990905851,0.0027465522289276123,0.0027465522289276123,0.0027465522289276123
2020-10-20 02:00:00,0.005846065646724,0.0017862077802419662,0.0017862077802419662,0.0017862077802419662
2020-10-20 03:00:00,0.0096166927094465,0.006115199998021126,0.006115199998021126,0.006115199998021126
2020-10-20 04:00:00,0.0189890171369984,0.016545535996556282,0.016545535996556282,0.016545535996556282
2020-10-20 05:00:00,0.0307183900743183,0.029478587210178375,0.029478587210178375,0.029478587210178375
2020-10-20 06:00:00,0.0339996558479403,0.03802650421857834,0.03802650421857834,0.03802650421857834
2020-10-20 07:00:00,0.0357995144052152,0.036868512630462646,0.036868512630462646,0.036868512630462646
2020-10-20 08:00:00,0.0362912635801392,0.041514813899993896,0.041514813899993896,0.041514813899993896
2020-10-20 09:00:00,0.0330594979035696,0.041503965854644775,0.041503965854644775,0.041503965854644775
2020-10-20 10:00:00,0.0379398609398752,0.03619171679019928,0.03619171679019928,0.03619171679019928
2020-10-20 11:00:00,0.0325372206758449,0.0342063307762146,0.0342063307762146,0.0342063307762146
2020-10-20 12:00:00,0.0354910160553905,0.03155047446489334,0.03155047446489334,0.03155047446489334
2020-10-20 13:00:00,0.0336193163854257,0.029073797166347504,0.029073797166347504,0.029073797166347504
2020-10-20 14:00:00,0.0300442103033828,0.03230852633714676,0.03230852633714676,0.03230852633714676
2020-10-20 15:00:00,0.035567901958261,0.028935732319951057,0.028935732319951057,0.028935732319951057
2020-10-20 16:00:00,0.0303740075688302,0.029740849509835243,0.029740849509835243,0.029740849509835243
2020-10-20 17:00:00,0.0272114663146862,0.026177341118454933,0.026177341118454933,0.026177341118454933
2020-10-20 18:00:00,0.0245877039384738,0.02609303779900074,0.02609303779900074,0.02609303779900074
2020-10-20 19:00:00,0.0204804432123831,0.021229753270745277,0.021229753270745277,0.021229753270745277
2020-10-20 20:00:00,0.0196900141694839,0.019455377012491226,0.019455377012491226,0.019455377012491226
2020-10-20 21:00:00,0.0113608062491869,0.01487816870212555,0.01487816870212555,0.01487816870212555
2020-10-20 22:00:00,0.0064245733396877,0.010019205510616302,0.010019205510616302,0.010019205510616302
2020-10-20 23:00:00,0.0053676426466189,0.00840645283460617,0.00840645283460617,0.00840645283460617
2020-10-21 00:00:00,0.0041704479276398,0.0054755136370658875,0.0054755136370658875,0.0054755136370658875
2020-10-21 01:00:00,0.0028973456169157,0.0043422263115644455,0.0043422263115644455,0.0043422263115644455
2020-10-21 02:00:00,0.0047085517375294,0.004259176552295685,0.004259176552295685,0.004259176552295685
2020-10-21 03:00:00,0.0087696078431317,0.007903875783085823,0.007903875783085823,0.007903875783085823
2020-10-21 04:00:00,0.0180550863909953,0.01563309133052826,0.01563309133052826,0.01563309133052826
2020-10-21 05:00:00,0.0339824791302616,0.028001585975289345,0.028001585975289345,0.028001585975289345
2020-10-21 06:00:00,0.0254709279751517,0.028309300541877747,0.028309300541877747,0.028309300541877747
2020-10-21 07:00:00,0.0316879246748238,0.03783019259572029,0.03783019259572029,0.03783019259572029
2020-10-21 08:00:00,0.0383269510774606,0.0349346399307251,0.0349346399307251,0.0349346399307251
2020-10-21 09:00:00,0.0333190810596827,0.032417234033346176,0.032417234033346176,0.032417234033346176
2020-10-21 10:00:00,0.0390979589474763,0.03303712606430054,0.03303712606430054,0.03303712606430054
2020-10-21 11:00:00,0.0327580249540776,0.03190889582037926,0.03190889582037926,0.03190889582037926
2020-10-21 12:00:00,0.0322642130729033,0.03450160473585129,0.03450160473585129,0.03450160473585129
2020-10-21 13:00:00,0.0307854530540243,0.029763543978333473,0.029763543978333473,0.029763543978333473
2020-10-21 14:00:00,0.031009050413762,0.029114343225955963,0.029114343225955963,0.029114343225955963
2020-10-21 15:00:00,0.032652614770212,0.030430063605308533,0.030430063605308533,0.030430063605308533
2020-10-21 16:00:00,0.0265189514038652,0.030386444181203842,0.030386444181203842,0.030386444181203842
2020-10-21 17:00:00,0.02747027153588,0.025884468108415604,0.025884468108415604,0.025884468108415604
2020-10-21 18:00:00,0.0241632583345568,0.024313461035490036,0.024313461035490036,0.024313461035490036
2020-10-21 19:00:00,0.017750717080437,0.022395474836230278,0.022395474836230278,0.022395474836230278
2020-10-21 20:00:00,0.017425752441125,0.01804783008992672,0.01804783008992672,0.01804783008992672
2020-10-21 21:00:00,0.0146980296693219,0.012472415342926979,0.012472415342926979,0.012472415342926979
2020-10-21 22:00:00,0.0078837049671355,0.009438936598598957,0.009438936598598957,0.009438936598598957
2020-10-21 23:00:00,0.0046097775743915,0.007335582748055458,0.007335582748055458,0.007335582748055458
2020-10-22 00:00:00,0.0037780944065765,0.004081457853317261,0.004081457853317261,0.004081457853317261
2020-10-22 01:00:00,0.003363077904429,0.005256421864032745,0.005256421864032745,0.005256421864032745
2020-10-22 02:00:00,0.0042665432514636,0.007001275196671486,0.007001275196671486,0.007001275196671486
2020-10-22 03:00:00,0.0081837992622779,0.008771155029535294,0.008771155029535294,0.008771155029535294
2020-10-22 04:00:00,0.0239956804504,0.020193789154291153,0.020193789154291153,0.020193789154291153
2020-10-22 05:00:00,0.0316590467870313,0.027429958805441856,0.027429958805441856,0.027429958805441856
2020-10-22 06:00:00,0.0290072316055178,0.029811199754476547,0.029811199754476547,0.029811199754476547
2020-10-22 07:00:00,0.0399501884011829,0.03590480983257294,0.03590480983257294,0.03590480983257294
2020-10-22 08:00:00,0.0354378121635585,0.041386231780052185,0.041386231780052185,0.041386231780052185
2020-10-22 09:00:00,0.0396267560579541,0.034026604145765305,0.034026604145765305,0.034026604145765305
2020-10-22 10:00:00,0.0397718527105011,0.03457900509238243,0.03457900509238243,0.03457900509238243
2020-10-22 11:00:00,0.0353395094761605,0.03376882150769234,0.03376882150769234,0.03376882150769234
2020-10-22 12:00:00,0.0370754830735167,0.03714044764637947,0.03714044764637947,0.03714044764637947
2020-10-22 13:00:00,0.036866737198928,0.028323866426944733,0.028323866426944733,0.028323866426944733
2020-10-22 14:00:00,0.0287357140966159,0.031413111835718155,0.031413111835718155,0.031413111835718155
2020-10-22 15:00:00,0.0317439649217033,0.027225259691476822,0.027225259691476822,0.027225259691476822
2020-10-22 16:00:00,0.0264975952847298,0.032534632831811905,0.032534632831811905,0.032534632831811905
2020-10-22 17:00:00,0.0321172322484387,0.030220450833439827,0.030220450833439827,0.030220450833439827
2020-10-22 18:00:00,0.0217004830735224,0.025862252339720726,0.025862252339720726,0.025862252339720726
2020-10-22 19:00:00,0.0201748465812991,0.023345157504081726,0.023345157504081726,0.023345157504081726
2020-10-22 20:00:00,0.0200568597831113,0.020561864599585533,0.020561864599585533,0.020561864599585533
2020-10-22 21:00:00,0.014053559452586,0.014378787018358707,0.014378787018358707,0.014378787018358707
2020-10-22 22:00:00,0.0087884604426799,0.010016471147537231,0.010016471147537231,0.010016471147537231
2020-10-22 23:00:00,0.006075589155549,0.007877938449382782,0.007877938449382782,0.007877938449382782
2020-10-23 00:00:00,0.0041473713337785,0.004781454801559448,0.004781454801559448,0.004781454801559448
2020-10-23 01:00:00,0.0037727838750198,0.0042115673422813416,0.0042115673422813416,0.0042115673422813416
2020-10-23 02:00:00,0.0053528758127974,0.003249404951930046,0.003249404951930046,0.003249404951930046
2020-10-23 03:00:00,0.00734833785899,0.006137959659099579,0.006137959659099579,0.006137959659099579
2020-10-23 04:00:00,0.0227022982550325,0.014745530672371387,0.014745530672371387,0.014745530672371387
2020-10-23 05:00:00,0.0289906645916635,0.026318050920963287,0.026318050920963287,0.026318050920963287
2020-10-23 06:00:00,0.0380273807633034,0.030708514153957367,0.030708514153957367,0.030708514153957367
2020-10-23 07:00:00,0.0374924326256099,0.03860142454504967,0.03860142454504967,0.03860142454504967
2020-10-23 08:00:00,0.0355023336162071,0.041422657668590546,0.041422657668590546,0.041422657668590546
2020-10-23 09:00:00,0.0414841818005359,0.03850066289305687,0.03850066289305687,0.03850066289305687
2020-10-23 10:00:00,0.0446772511074769,0.03705769404768944,0.03705769404768944,0.03705769404768944
2020-10-23 11:00:00,0.0350819540777534,0.036454103887081146,0.036454103887081146,0.036454103887081146
2020-10-23 12:00:00,0.0363179276751111,0.034690797328948975,0.034690797328948975,0.034690797328948975
2020-10-23 13:00:00,0.0293228781701689,0.0327119342982769,0.0327119342982769,0.0327119342982769
2020-10-23 14:00:00,0.0273534062234699,0.03063437156379223,0.03063437156379223,0.03063437156379223
2020-10-23 15:00:00,0.0319606669490498,0.02997364103794098,0.02997364103794098,0.02997364103794098
2020-10-23 16:00:00,0.0277147923615847,0.03116740472614765,0.03116740472614765,0.03116740472614765
2020-10-23 17:00:00,0.0237015910419577,0.030673323199152946,0.030673323199152946,0.030673323199152946
2020-10-23 18:00:00,0.0258245283351867,0.027461685240268707,0.027461685240268707,0.027461685240268707
2020-10-23 19:00:00,0.0220431751998649,0.02163146808743477,0.02163146808743477,0.02163146808743477
2020-10-23 20:00:00,0.0181199078736381,0.019228395074605942,0.019228395074605942,0.019228395074605942
2020-10-23 21:00:00,0.0163171025926111,0.014028896577656269,0.014028896577656269,0.014028896577656269
2020-10-23 22:00:00,0.0126413600183539,0.009999503381550312,0.009999503381550312,0.009999503381550312
2020-10-23 23:00:00,0.0094334392267791,0.006269292905926704,0.006269292905926704,0.006269292905926704
2020-10-24 00:00:00,0.0071166075431015,0.005444280803203583,0.005444280803203583,0.005444280803203583
2020-10-24 01:00:00,0.0057824491272661,0.004747958853840828,0.004747958853840828,0.004747958853840828
2020-10-24 02:00:00,0.0051982907119198,0.004111181944608688,0.004111181944608688,0.004111181944608688
2020-10-24 03:00:00,0.0073449378761445,0.004382578656077385,0.004382578656077385,0.004382578656077385
2020-10-24 04:00:00,0.0084971655989053,0.005816491320729256,0.005816491320729256,0.005816491320729256
2020-10-24 05:00:00,0.0171448553678853,0.011960749514400959,0.011960749514400959,0.011960749514400959
2020-10-24 06:00:00,0.0292389147738341,0.021578676998615265,0.021578676998615265,0.021578676998615265
2020-10-24 07:00:00,0.033464987381097,0.02976999431848526,0.02976999431848526,0.02976999431848526
2020-10-24 08:00:00,0.029933221704535,0.03508719056844711,0.03508719056844711,0.03508719056844711
2020-10-24 09:00:00,0.034780168899229,0.03222440183162689,0.03222440183162689,0.03222440183162689
2020-10-24 10:00:00,0.0272355319355509,0.029879694804549217,0.029879694804549217,0.029879694804549217
2020-10-24 11:00:00,0.0307025286357133,0.027528688311576843,0.027528688311576843,0.027528688311576843
2020-10-24 12:00:00,0.0249166375461049,0.025199556723237038,0.025199556723237038,0.025199556723237038
2020-10-24 13:00:00,0.0250406474470994,0.022465109825134277,0.022465109825134277,0.022465109825134277
2020-10-24 14:00:00,0.023408634245772,0.02412274107336998,0.02412274107336998,0.02412274107336998
2020-10-24 15:00:00,0.0247619895813185,0.025134507566690445,0.025134507566690445,0.025134507566690445
2020-10-24 16:00:00,0.0239030786902192,0.024182932451367378,0.024182932451367378,0.024182932451367378
2020-10-24 17:00:00,0.0263539862814687,0.02331874705851078,0.02331874705851078,0.02331874705851078
2020-10-24 18:00:00,0.0210723516469289,0.02120298333466053,0.02120298333466053,0.02120298333466053
2020-10-24 19:00:00,0.0170438863008944,0.018075883388519287,0.018075883388519287,0.018075883388519287
2020-10-24 20:00:00,0.0136717740896737,0.01659437082707882,0.01659437082707882,0.01659437082707882
2020-10-24 21:00:00,0.0134126981815727,0.013934914954006672,0.013934914954006672,0.013934914954006672
2020-10-24 22:00:00,0.0097117080825766,0.009400040842592716,0.009400040842592716,0.009400040842592716
2020-10-24 23:00:00,0.007109810393296,0.007249632850289345,0.007249632850289345,0.007249632850289345
2020-10-25 00:00:00,0.0050424286546368,0.004893120378255844,0.004893120378255844,0.004893120378255844
2020-10-25 01:00:00,0.0037924286546239,0.004712244495749474,0.004712244495749474,0.004712244495749474
2020-10-25 02:00:00,0.0032600854207974,0.0043241530656814575,0.0043241530656814575,0.0043241530656814575
2020-10-25 03:00:00,0.0043137982915996,0.005275765433907509,0.005275765433907509,0.005275765433907509
2020-10-25 04:00:00,0.0054647883906056,0.008015187457203865,0.008015187457203865,0.008015187457203865
2020-10-25 05:00:00,0.008744491361395,0.0127869276329875,0.0127869276329875,0.0127869276329875
2020-10-25 06:00:00,0.0151991118229461,0.01888154447078705,0.01888154447078705,0.01888154447078705
2020-10-25 07:00:00,0.0245902009318635,0.028258588165044785,0.028258588165044785,0.028258588165044785
2020-10-25 08:00:00,0.0291322801407623,0.02852696366608143,0.02852696366608143,0.02852696366608143
2020-10-25 09:00:00,0.0269944913609064,0.029820824041962624,0.029820824041962624,0.029820824041962624
2020-10-25 10:00:00,0.0201071151237734,0.032827600836753845,0.032827600836753845,0.032827600836753845
2020-10-25 11:00:00,0.0280992768399372,0.029785502701997757,0.029785502701997757,0.029785502701997757
2020-10-25 12:00:00,0.0259135507668448,0.028440337628126144,0.028440337628126144,0.028440337628126144
2020-10-25 13:00:00,0.0226827734342851,0.02590946853160858,0.02590946853160858,0.02590946853160858
2020-10-25 14:00:00,0.0208806282197666,0.023968610912561417,0.023968610912561417,0.023968610912561417
2020-10-25 15:00:00,0.0199185820146439,0.025810152292251587,0.025810152292251587,0.025810152292251587
2020-10-25 16:00:00,0.0212618163380761,0.024172767996788025,0.024172767996788025,0.024172767996788025
2020-10-25 17:00:00,0.0244108262390753,0.022748492658138275,0.022748492658138275,0.022748492658138275
2020-10-25 18:00:00,0.0239136822939021,0.019096175208687782,0.019096175208687782,0.019096175208687782
2020-10-25 19:00:00,0.0207808440100733,0.015820562839508057,0.015820562839508057,0.015820562839508057
2020-10-25 20:00:00,0.0202395898851615,0.015073566697537899,0.015073566697537899,0.015073566697537899
2020-10-25 21:00:00,0.0175919001156907,0.012831421568989754,0.012831421568989754,0.012831421568989754
2020-10-25 22:00:00,0.0117973456602416,0.00953778624534607,0.00953778624534607,0.00953778624534607
2020-10-25 23:00:00,0.0071042763533096,0.00572577491402626,0.00572577491402626,0.00572577491402626
2020-10-26 00:00:00,0.0055813390595808,0.007274569943547249,0.007274569943547249,0.007274569943547249
2020-10-26 01:00:00,0.0041778737130504,0.0054035186767578125,0.0054035186767578125,0.0054035186767578125
2020-10-26 02:00:00,0.0032909100171755,0.005494408309459686,0.005494408309459686,0.005494408309459686
2020-10-26 03:00:00,0.0042925601816915,0.008087528869509697,0.008087528869509697,0.008087528869509697
2020-10-26 04:00:00,0.006243831779439,0.014456707052886486,0.014456707052886486,0.014456707052886486
2020-10-26 05:00:00,0.0214839307893614,0.024685649201273918,0.024685649201273918,0.024685649201273918
2020-10-26 06:00:00,0.0329384762438839,0.02992520108819008,0.02992520108819008,0.02992520108819008
2020-10-26 07:00:00,0.0327276993969607,0.03083563968539238,0.03083563968539238,0.03083563968539238
2020-10-26 08:00:00,0.0316711223107019,0.03699212521314621,0.03699212521314621,0.03699212521314621
2020-10-26 09:00:00,0.0327783830367686,0.039207056164741516,0.039207056164741516,0.039207056164741516
2020-10-26 10:00:00,0.0292485150499769,0.03312854841351509,0.03312854841351509,0.03312854841351509
2020-10-26 11:00:00,0.0424910893073883,0.03738313913345337,0.03738313913345337,0.03738313913345337
2020-10-26 12:00:00,0.0346000001984743,0.036185480654239655,0.036185480654239655,0.036185480654239655
2020-10-26 13:00:00,0.035951485346997,0.03847098350524902,0.03847098350524902,0.03847098350524902
2020-10-26 14:00:00,0.0319956272611944,0.03268776834011078,0.03268776834011078,0.03268776834011078
2020-10-26 15:00:00,0.0335833480920868,0.034069422632455826,0.034069422632455826,0.034069422632455826
2020-10-26 16:00:00,0.0290536451217969,0.0319167897105217,0.0319167897105217,0.0319167897105217
2020-10-26 17:00:00,0.0305356952498896,0.023119641467928886,0.023119641467928886,0.023119641467928886
2020-10-26 18:00:00,0.0253349451748808,0.020748954266309738,0.020748954266309738,0.020748954266309738
2020-10-26 19:00:00,0.0231622173251765,0.01753070391714573,0.01753070391714573,0.01753070391714573
2020-10-26 20:00:00,0.020097035807019,0.014667048119008541,0.014667048119008541,0.014667048119008541
2020-10-26 21:00:00,0.0149617222756634,0.011276850476861,0.011276850476861,0.011276850476861
2020-10-26 22:00:00,0.0137233716548891,0.007468283176422119,0.007468283176422119,0.007468283176422119
2020-10-26 23:00:00,0.0060612429420221,0.005301203578710556,0.005301203578710556,0.005301203578710556
2020-10-27 00:00:00,0.0051020020184234,0.005027603358030319,0.005027603358030319,0.005027603358030319
2020-10-27 01:00:00,0.0046218039981238,0.004390189424157143,0.004390189424157143,0.004390189424157143
2020-10-27 02:00:00,0.0044584376614948,0.003786558285355568,0.003786558285355568,0.003786558285355568
2020-10-27 03:00:00,0.0056374805662744,0.00675528310239315,0.00675528310239315,0.00675528310239315
2020-10-27 04:00:00,0.0066720515228762,0.012947287410497665,0.012947287410497665,0.012947287410497665
2020-10-27 05:00:00,0.0217758426167714,0.02538658306002617,0.02538658306002617,0.02538658306002617
2020-10-27 06:00:00,0.0356083508670922,0.03460317477583885,0.03460317477583885,0.03460317477583885
2020-10-27 07:00:00,0.0356911553013888,0.038728147745132446,0.038728147745132446,0.038728147745132446
2020-10-27 08:00:00,0.045034622589299,0.034311018884181976,0.034311018884181976,0.034311018884181976
2020-10-27 09:00:00,0.0320275008244733,0.03321285545825958,0.03321285545825958,0.03321285545825958
2020-10-27 10:00:00,0.0348161146858793,0.03216477483510971,0.03216477483510971,0.03216477483510971
2020-10-27 11:00:00,0.0395916922436317,0.03330389782786369,0.03330389782786369,0.03330389782786369
2020-10-27 12:00:00,0.033498129643184,0.032641176134347916,0.032641176134347916,0.032641176134347916
2020-10-27 13:00:00,0.0303019800277136,0.03335420787334442,0.03335420787334442,0.03335420787334442
2020-10-27 14:00:00,0.0321118810183219,0.03006693720817566,0.03006693720817566,0.03006693720817566
2020-10-27 15:00:00,0.0332995872884448,0.03032471239566803,0.03032471239566803,0.03032471239566803
2020-10-27 16:00:00,0.0279467092065172,0.03087158501148224,0.03087158501148224,0.03087158501148224
2020-10-27 17:00:00,0.0264711166477674,0.03075295500457287,0.03075295500457287,0.03075295500457287
2020-10-27 18:00:00,0.0294414136769745,0.02593466266989708,0.02593466266989708,0.02593466266989708
2020-10-27 19:00:00,0.01984322261837,0.020663462579250336,0.020663462579250336,0.020663462579250336
2020-10-27 20:00:00,0.0226778760842085,0.018689338117837906,0.018689338117837906,0.018689338117837906
2020-10-27 21:00:00,0.0193876120573172,0.013382907025516033,0.013382907025516033,0.013382907025516033
2020-10-27 22:00:00,0.0117258958856971,0.010028136894106865,0.010028136894106865,0.010028136894106865
2020-10-27 23:00:00,0.0083744107376767,0.007326371967792511,0.007326371967792511,0.007326371967792511
2020-10-28 00:00:00,0.006256939615063,0.005280876532196999,0.005280876532196999,0.005280876532196999
2020-10-28 01:00:00,0.0033189445655625,0.0036418531090021133,0.0036418531090021133,0.0036418531090021133
2020-10-28 02:00:00,0.0039664693180472,0.004189645871520042,0.004189645871520042,0.004189645871520042
2020-10-28 03:00:00,0.0047037630474178,0.007078284397721291,0.007078284397721291,0.007078284397721291
2020-10-28 04:00:00,0.0070869724209732,0.017479244619607925,0.017479244619607925,0.017479244619607925
2020-10-28 05:00:00,0.0245305798257103,0.031027810648083687,0.031027810648083687,0.031027810648083687
2020-10-28 06:00:00,0.0265671584830453,0.031491294503211975,0.031491294503211975,0.031491294503211975
2020-10-28 07:00:00,0.034816429062304,0.0351957343518734,0.0351957343518734,0.0351957343518734
2020-10-28 08:00:00,0.0328077656959644,0.03949945792555809,0.03949945792555809,0.03949945792555809
2020-10-28 09:00:00,0.0370717764983003,0.03807594254612923,0.03807594254612923,0.03807594254612923
2020-10-28 10:00:00,0.030931925013157,0.03414156660437584,0.03414156660437584,0.03414156660437584
2020-10-28 11:00:00,0.047561875508197,0.03416130319237709,0.03416130319237709,0.03416130319237709
2020-10-28 12:00:00,0.0424760669273566,0.03449021279811859,0.03449021279811859,0.03449021279811859
2020-10-28 13:00:00,0.0312210339240432,0.03525319695472717,0.03525319695472717,0.03525319695472717
2020-10-28 14:00:00,0.0369924860692429,0.029562683776021004,0.029562683776021004,0.029562683776021004
2020-10-28 15:00:00,0.0297424860692702,0.03214716911315918,0.03214716911315918,0.03214716911315918
2020-10-28 16:00:00,0.0271411509357477,0.03347451239824295,0.03347451239824295,0.03347451239824295
2020-10-28 17:00:00,0.0271758044015838,0.032233819365501404,0.032233819365501404,0.032233819365501404
2020-10-28 18:00:00,0.0276756393845931,0.026021800935268402,0.026021800935268402,0.026021800935268402
2020-10-28 19:00:00,0.0252045172723736,0.021818092092871666,0.021818092092871666,0.021818092092871666
2020-10-28 20:00:00,0.0179751443355831,0.018210437148809433,0.018210437148809433,0.018210437148809433
2020-10-28 21:00:00,0.0167218440050533,0.01358744129538536,0.01358744129538536,0.01358744129538536
2020-10-28 22:00:00,0.0105811674373972,0.009734080173075199,0.009734080173075199,0.009734080173075199
2020-10-28 23:00:00,0.0072088902096709,0.007007988169789314,0.007007988169789314,0.007007988169789314
2020-10-29 00:00:00,0.0058678561062682,0.005781996995210648,0.005781996995210648,0.005781996995210648
2020-10-29 01:00:00,0.0053967339940515,0.004548113793134689,0.004548113793134689,0.004548113793134689
2020-10-29 02:00:00,0.0039532521463556,0.003674948588013649,0.003674948588013649,0.003674948588013649
2020-10-29 03:00:00,0.0044956763882939,0.005362153053283691,0.005362153053283691,0.005362153053283691
2020-10-29 04:00:00,0.0074316481919941,0.013263417407870293,0.013263417407870293,0.013263417407870293
2020-10-29 05:00:00,0.0230768627139329,0.021179072558879852,0.021179072558879852,0.021179072558879852
2020-10-29 06:00:00,0.0254184012151257,0.03390875086188316,0.03390875086188316,0.03390875086188316
2020-10-29 07:00:00,0.0351551998949904,0.03218775615096092,0.03218775615096092,0.03218775615096092
2020-10-29 08:00:00,0.0390376875187634,0.044879212975502014,0.044879212975502014,0.044879212975502014
2020-10-29 09:00:00,0.0332208558355789,0.03674512356519699,0.03674512356519699,0.03674512356519699
2020-10-29 10:00:00,0.0420484135913491,0.0345754437148571,0.0345754437148571,0.0345754437148571
2020-10-29 11:00:00,0.02931409015951,0.04062797129154205,0.04062797129154205,0.04062797129154205
2020-10-29 12:00:00,0.045021392139226,0.035574883222579956,0.035574883222579956,0.035574883222579956
2020-10-29 13:00:00,0.0359935043504355,0.03627373278141022,0.03627373278141022,0.03627373278141022
2020-10-29 14:00:00,0.0353842634268164,0.029489070177078247,0.029489070177078247,0.029489070177078247
2020-10-29 15:00:00,0.035447205434845,0.031843025237321854,0.031843025237321854,0.031843025237321854
2020-10-29 16:00:00,0.0303375374625237,0.03047799877822399,0.03047799877822399,0.03047799877822399
2020-10-29 17:00:00,0.0338796166709657,0.031140657141804695,0.031140657141804695,0.031140657141804695
2020-10-29 18:00:00,0.028416224279086,0.025000253692269325,0.025000253692269325,0.025000253692269325
2020-10-29 19:00:00,0.0253793955957096,0.024960016831755638,0.024960016831755638,0.024960016831755638
2020-10-29 20:00:00,0.0196529104477066,0.014996742829680443,0.014996742829680443,0.014996742829680443
2020-10-29 21:00:00,0.016747794935643,0.016902297735214233,0.016902297735214233,0.016902297735214233
2020-10-29 22:00:00,0.0115396384057153,0.009577780030667782,0.009577780030667782,0.009577780030667782
2020-10-29 23:00:00,0.0106613970106402,0.008314229547977448,0.008314229547977448,0.008314229547977448
2020-10-30 00:00:00,0.0071626346339083,0.005809905007481575,0.005809905007481575,0.005809905007481575
2020-10-30 01:00:00,0.0049151098814395,0.003978179767727852,0.003978179767727852,0.003978179767727852
2020-10-30 02:00:00,0.004111314502389,0.006207110360264778,0.006207110360264778,0.006207110360264778
2020-10-30 03:00:00,0.0044859019606469,0.006717877462506294,0.006717877462506294,0.006717877462506294
2020-10-30 04:00:00,0.0168745158220345,0.012479850091040134,0.012479850091040134,0.012479850091040134
2020-10-30 05:00:00,0.0245519085617992,0.022608058527112007,0.022608058527112007,0.022608058527112007
2020-10-30 06:00:00,0.03725664153458,0.030501503497362137,0.030501503497362137,0.030501503497362137
2020-10-30 07:00:00,0.0407993572347459,0.0324258990585804,0.0324258990585804,0.0324258990585804
2020-10-30 08:00:00,0.0401138315398129,0.04015789180994034,0.04015789180994034,0.04015789180994034
2020-10-30 09:00:00,0.0449158117373309,0.036298736929893494,0.036298736929893494,0.036298736929893494
2020-10-30 10:00:00,0.0424622226284246,0.03374085575342178,0.03374085575342178,0.03374085575342178
2020-10-30 11:00:00,0.0374832622328703,0.03246719017624855,0.03246719017624855,0.03246719017624855
2020-10-30 12:00:00,0.0408355724634059,0.029181700199842453,0.029181700199842453,0.029181700199842453
2020-10-30 13:00:00,0.0392733872975266,0.02985576167702675,0.02985576167702675,0.02985576167702675
2020-10-30 14:00:00,0.0301045989901198,0.02710469253361225,0.02710469253361225,0.02710469253361225
2020-10-30 15:00:00,0.0321000610363242,0.023717280477285385,0.023717280477285385,0.023717280477285385
2020-10-30 16:00:00,0.0316285263828656,0.025286827236413956,0.025286827236413956,0.025286827236413956
2020-10-30 17:00:00,0.0294610346341655,0.02409745380282402,0.02409745380282402,0.02409745380282402
2020-10-30 18:00:00,0.023188382945439,0.021083708852529526,0.021083708852529526,0.021083708852529526
2020-10-30 19:00:00,0.0244695710642521,0.018109168857336044,0.018109168857336044,0.018109168857336044
2020-10-30 20:00:00,0.0204646205696988,0.014802249148488045,0.014802249148488045,0.014802249148488045
2020-10-30 21:00:00,0.0159736964767936,0.012108097784221172,0.012108097784221172,0.012108097784221172
2020-10-30 22:00:00,0.012240355285521,0.008425869047641754,0.008425869047641754,0.008425869047641754
2020-10-30 23:00:00,0.0097032265731608,0.007064554840326309,0.007064554840326309,0.007064554840326309
2020-10-31 00:00:00,0.0068048767376688,0.006021376699209213,0.006021376699209213,0.006021376699209213
2020-10-31 01:00:00,0.003896460896086,0.00290650874376297,0.00290650874376297,0.00290650874376297
2020-10-31 02:00:00,0.0042869311931234,0.002364467829465866,0.002364467829465866,0.002364467829465866
2020-10-31 03:00:00,0.0046914278927811,0.0024691633880138397,0.0024691633880138397,0.0024691633880138397
2020-10-31 04:00:00,0.004452153965398,0.005093194544315338,0.005093194544315338,0.005093194544315338
2020-10-31 05:00:00,0.0090165104010403,0.00930576678365469,0.00930576678365469,0.00930576678365469
2020-10-31 06:00:00,0.0181212958795897,0.01547547709196806,0.01547547709196806,0.01547547709196806
2020-10-31 07:00:00,0.0280528140314029,0.02131739817559719,0.02131739817559719,0.02131739817559719
2020-10-31 08:00:00,0.0322553717876721,0.028648344799876213,0.028648344799876213,0.028648344799876213
2020-10-31 09:00:00,0.0306245372751592,0.03508412837982178,0.03508412837982178,0.03508412837982178
2020-10-31 10:00:00,0.0326764349649206,0.03332088142633438,0.03332088142633438,0.03332088142633438
2020-10-31 11:00:00,0.0309843557570057,0.02895834855735302,0.02895834855735302,0.02895834855735302
2020-10-31 12:00:00,0.029206302951721,0.02900327369570732,0.02900327369570732,0.02900327369570732
2020-10-31 13:00:00,0.0267149663180616,0.027122870087623596,0.027122870087623596,0.027122870087623596
2020-10-31 14:00:00,0.0287327055919891,0.028534136712551117,0.028534136712551117,0.028534136712551117
2020-10-31 15:00:00,0.0273610884302725,0.02266198955476284,0.02266198955476284,0.02266198955476284
2020-10-31 16:00:00,0.022851926085464,0.026255019009113312,0.026255019009113312,0.026255019009113312
2020-10-31 17:00:00,0.0280374517808954,0.02601655013859272,0.02601655013859272,0.02601655013859272
2020-10-31 18:00:00,0.028310224058123,0.02476116083562374,0.02476116083562374,0.02476116083562374
2020-10-31 19:00:00,0.0236193412198327,0.02186891995370388,0.02186891995370388,0.02186891995370388
2020-10-31 20:00:00,0.0174419484805617,0.016079049557447433,0.016079049557447433,0.016079049557447433
2020-10-31 21:00:00,0.0165393082165456,0.015881896018981934,0.015881896018981934,0.015881896018981934
2020-10-31 22:00:00,0.0111053148186746,0.014222590252757072,0.014222590252757072,0.014222590252757072
2020-10-31 23:00:00,0.0031461917922287,0.009334079921245575,0.009334079921245575,0.009334079921245575
2020-11-01 00:00:00,0.0243582626119828,0.006239274516701698,0.006239274516701698,0.006239274516701698
2020-11-01 01:00:00,0.0069523220184037,0.004476509988307953,0.004476509988307953,0.004476509988307953
2020-11-01 02:00:00,0.0034696487505962,0.004246095195412636,0.004246095195412636,0.004246095195412636
2020-11-01 03:00:00,0.0038161834040512,0.005204036831855774,0.005204036831855774,0.005204036831855774
2020-11-01 04:00:00,0.0049028170679145,0.0056910403072834015,0.0056910403072834015,0.0056910403072834015
2020-11-01 05:00:00,0.0077419259783206,0.008880638517439365,0.008880638517439365,0.008880638517439365
2020-11-01 06:00:00,0.0147341230551578,0.014535141177475452,0.014535141177475452,0.014535141177475452
2020-11-01 07:00:00,0.0226595906019169,0.02080596797168255,0.02080596797168255,0.02080596797168255
2020-11-01 08:00:00,0.0259335179951478,0.025342591106891632,0.025342591106891632,0.025342591106891632
2020-11-01 09:00:00,0.0327957292157845,0.02983691915869713,0.02983691915869713,0.02983691915869713
2020-11-01 10:00:00,0.0293620658494388,0.032364100217819214,0.032364100217819214,0.032364100217819214
2020-11-01 11:00:00,0.0293526599088456,0.030455000698566437,0.030455000698566437,0.030455000698566437
2020-11-01 12:00:00,0.0260997721200786,0.02471093274652958,0.02471093274652958,0.02471093274652958
2020-11-01 13:00:00,0.0282250667923893,0.023996800184249878,0.023996800184249878,0.023996800184249878
2020-11-01 14:00:00,0.0226400832940424,0.02697117254137993,0.02697117254137993,0.02697117254137993
2020-11-01 15:00:00,0.0272395882445384,0.023875128477811813,0.023875128477811813,0.023875128477811813
2020-11-01 16:00:00,0.0271739116768812,0.024121567606925964,0.024121567606925964,0.024121567606925964
2020-11-01 17:00:00,0.0298265519409115,0.02718173712491989,0.02718173712491989,0.02718173712491989
2020-11-01 18:00:00,0.028540330818791,0.02764439396560192,0.02764439396560192,0.02764439396560192
2020-11-01 19:00:00,0.0205638456702797,0.023495296016335487,0.023495296016335487,0.023495296016335487
2020-11-01 20:00:00,0.0210279545811751,0.019840560853481293,0.019840560853481293,0.019840560853481293
2020-11-01 21:00:00,0.0183647532610414,0.015064224600791931,0.015064224600791931,0.015064224600791931
2020-11-01 22:00:00,0.0134501493006415,0.011624506674706936,0.011624506674706936,0.011624506674706936
2020-11-01 23:00:00,0.0076607928650003,0.009320811368525028,0.009320811368525028,0.009320811368525028
2020-11-02 00:00:00,0.0061914584315579,0.006006048992276192,0.006006048992276192,0.006006048992276192
2020-11-02 01:00:00,0.0039398218393256,0.005088884383440018,0.005088884383440018,0.005088884383440018
2020-11-02 02:00:00,0.0035276106182066,0.004729459062218666,0.004729459062218666,0.004729459062218666
2020-11-02 03:00:00,0.0055086337205194,0.0062301382422447205,0.0062301382422447205,0.0062301382422447205
2020-11-02 04:00:00,0.0095190297601079,0.008486434817314148,0.008486434817314148,0.008486434817314148
2020-11-02 05:00:00,0.0243923795951072,0.016777269542217255,0.016777269542217255,0.016777269542217255
2020-11-02 06:00:00,0.025279920849223,0.030309554189443588,0.030309554189443588,0.030309554189443588
2020-11-02 07:00:00,0.0349526931264697,0.03263833001255989,0.03263833001255989,0.03263833001255989
2020-11-02 08:00:00,0.0410290721929375,0.037238460034132004,0.037238460034132004,0.037238460034132004
2020-11-02 09:00:00,0.0346708488705888,0.04565001279115677,0.04565001279115677,0.04565001279115677
2020-11-02 10:00:00,0.033017796065323,0.03861735761165619,0.03861735761165619,0.03861735761165619
2020-11-02 11:00:00,0.0403247267583841,0.03739894926548004,0.03739894926548004,0.03739894926548004
2020-11-02 12:00:00,0.0332074000257235,0.036914095282554626,0.036914095282554626,0.036914095282554626
2020-11-02 13:00:00,0.0297646607517771,0.038522519171237946,0.038522519171237946,0.038522519171237946
2020-11-02 14:00:00,0.0333933736230863,0.03455066680908203,0.03455066680908203,0.03455066680908203
2020-11-02 15:00:00,0.0261210963953552,0.033772364258766174,0.033772364258766174,0.033772364258766174
2020-11-02 16:00:00,0.0273743967253799,0.03080596588551998,0.03080596588551998,0.03080596588551998
2020-11-02 17:00:00,0.03177635153626,0.03078886680305004,0.03078886680305004,0.03078886680305004
2020-11-02 18:00:00,0.0282103449355862,0.03224947303533554,0.03224947303533554,0.03224947303533554
2020-11-02 19:00:00,0.0240280017017665,0.025706887245178223,0.025706887245178223,0.025706887245178223
2020-11-02 20:00:00,0.0194223911402202,0.021972984075546265,0.021972984075546265,0.021972984075546265
2020-11-02 21:00:00,0.0165110875098423,0.020257744938135147,0.020257744938135147,0.020257744938135147
2020-11-02 22:00:00,0.0112280017012646,0.011338899843394756,0.011338899843394756,0.011338899843394756
2020-11-02 23:00:00,0.0092187707781898,0.008756089955568314,0.008756089955568314,0.008756089955568314
2020-11-03 00:00:00,0.0066610150025951,0.007407808676362038,0.007407808676362038,0.007407808676362038
2020-11-03 01:00:00,0.0044678081824036,0.006238074973225594,0.006238074973225594,0.006238074973225594
2020-11-03 02:00:00,0.0039750689079973,0.005492309108376503,0.005492309108376503,0.005492309108376503
2020-11-03 03:00:00,0.00546475537663,0.005810149013996124,0.005810149013996124,0.005810149013996124
2020-11-03 04:00:00,0.0095093098325777,0.009252792224287987,0.009252792224287987,0.009252792224287987
2020-11-03 05:00:00,0.0178682207231774,0.014339173212647438,0.014339173212647438,0.014339173212647438
2020-11-03 06:00:00,0.0248535596416787,0.03192130848765373,0.03192130848765373,0.03192130848765373
2020-11-03 07:00:00,0.0402930810938207,0.032320234924554825,0.032320234924554825,0.032320234924554825
2020-11-03 08:00:00,0.0386217389596178,0.03952881693840027,0.03952881693840027,0.03952881693840027
2020-11-03 09:00:00,0.0386366338701495,0.04288029670715332,0.04288029670715332,0.04288029670715332
2020-11-03 10:00:00,0.037735286235389,0.03881419822573662,0.03881419822573662,0.03881419822573662
2020-11-03 11:00:00,0.0355442796347202,0.03948210924863815,0.03948210924863815,0.03948210924863815
2020-11-03 12:00:00,0.0284683720439726,0.035256966948509216,0.035256966948509216,0.035256966948509216
2020-11-03 13:00:00,0.0366300882155971,0.0322335809469223,0.0322335809469223,0.0322335809469223
2020-11-03 14:00:00,0.0369609463013877,0.03493771329522133,0.03493771329522133,0.03493771329522133
2020-11-03 15:00:00,0.0278181480930112,0.03105977550148964,0.03105977550148964,0.03105977550148964
2020-11-03 16:00:00,0.0318206233405402,0.03374912589788437,0.03374912589788437,0.03374912589788437
2020-11-03 17:00:00,0.0321919104692354,0.029871396720409393,0.029871396720409393,0.029871396720409393
2020-11-03 18:00:00,0.025442130491244,0.026118876412510872,0.026118876412510872,0.026118876412510872
2020-11-03 19:00:00,0.0257453483130307,0.023411670699715614,0.023411670699715614,0.023411670699715614
2020-11-03 20:00:00,0.0223864374219311,0.019072631374001503,0.019072631374001503,0.019072631374001503
2020-11-03 21:00:00,0.0212274365218499,0.015200033783912659,0.015200033783912659,0.015200033783912659
2020-11-03 22:00:00,0.0160003325614552,0.012492497451603413,0.012492497451603413,0.012492497451603413
2020-11-03 23:00:00,0.0093139464228332,0.008141372352838516,0.008141372352838516,0.008141372352838516
2020-11-04 00:00:00,0.0079830883370323,0.004567800089716911,0.004567800089716911,0.004567800089716911
2020-11-04 01:00:00,0.0051164216703605,0.0027728956192731857,0.0027728956192731857,0.0027728956192731857
2020-11-04 02:00:00,0.0051600685350486,0.0020353198051452637,0.0020353198051452637,0.0020353198051452637
2020-11-04 03:00:00,0.0071089409222915,0.0026770643889904022,0.0026770643889904022,0.0026770643889904022
2020-11-04 04:00:00,0.0088803812410145,0.005560277029871941,0.005560277029871941,0.005560277029871941
2020-11-04 05:00:00,0.021209235555005,0.016826994717121124,0.016826994717121124,0.016826994717121124
2020-11-04 06:00:00,0.0286646123426968,0.030224792659282684,0.030224792659282684,0.030224792659282684
2020-11-04 07:00:00,0.039728556237081,0.03520895540714264,0.03520895540714264,0.03520895540714264
2020-11-04 08:00:00,0.0316796363450844,0.038888558745384216,0.038888558745384216,0.038888558745384216
2020-11-04 09:00:00,0.0344984482262819,0.03925745561718941,0.03925745561718941,0.03925745561718941
2020-11-04 10:00:00,0.0300788937708466,0.034238193184137344,0.034238193184137344,0.034238193184137344
2020-11-04 11:00:00,0.0381090092823812,0.03477371484041214,0.03477371484041214,0.03477371484041214
2020-11-04 12:00:00,0.0357905274342094,0.032350193709135056,0.032350193709135056,0.032350193709135056
2020-11-04 13:00:00,0.0311180851899669,0.032429177314043045,0.032429177314043045,0.032429177314043045
2020-11-04 14:00:00,0.0366983244639231,0.03351377695798874,0.03351377695798874,0.03351377695798874
2020-11-04 15:00:00,0.0329292100524634,0.030446676537394524,0.030446676537394524,0.030446676537394524
2020-11-04 16:00:00,0.0267657134396377,0.02871805429458618,0.02871805429458618,0.02871805429458618
2020-11-04 17:00:00,0.026876989567265,0.03004005178809166,0.03004005178809166,0.03004005178809166
2020-11-04 18:00:00,0.0263431611844183,0.027653377503156662,0.027653377503156662,0.027653377503156662
2020-11-04 19:00:00,0.0213159334616444,0.02296098694205284,0.02296098694205284,0.02296098694205284
2020-11-04 20:00:00,0.0247317750458114,0.019455377012491226,0.019455377012491226,0.019455377012491226
2020-11-04 21:00:00,0.0175251508119532,0.017698369920253754,0.017698369920253754,0.017698369920253754
2020-11-04 22:00:00,0.0126566277096383,0.009907023049890995,0.009907023049890995,0.009907023049890995
2020-11-04 23:00:00,0.0093496970165745,0.005137309432029724,0.005137309432029724,0.005137309432029724
2020-11-05 00:00:00,0.0071977168185544,0.0036953389644622803,0.0036953389644622803,0.0036953389644622803
2020-11-05 01:00:00,0.0037511821650848,0.002225855365395546,0.002225855365395546,0.002225855365395546
2020-11-05 02:00:00,0.005290786125491,0.00211418978869915,0.00211418978869915,0.00211418978869915
2020-11-05 03:00:00,0.005338970943958,0.0028602760285139084,0.0028602760285139084,0.0028602760285139084
2020-11-05 04:00:00,0.0187320638246927,0.007446447387337685,0.007446447387337685,0.007446447387337685
2020-11-05 05:00:00,0.0324384994682349,0.013916155323386192,0.013916155323386192,0.013916155323386192
2020-11-05 06:00:00,0.0218685324715453,0.02844785526394844,0.02844785526394844,0.02844785526394844
2020-11-05 07:00:00,0.0383446050788225,0.03209104761481285,0.03209104761481285,0.03209104761481285
2020-11-05 08:00:00,0.0288134169599815,0.038335900753736496,0.038335900753736496,0.038335900753736496
2020-11-05 09:00:00,0.0339567473919457,0.03843337297439575,0.03843337297439575,0.03843337297439575
2020-11-05 10:00:00,0.0549616978869806,0.036106422543525696,0.036106422543525696,0.036106422543525696
2020-11-05 11:00:00,0.0310085965900303,0.03567060828208923,0.03567060828208923,0.03567060828208923
2020-11-05 12:00:00,0.0389062863589992,0.032898351550102234,0.032898351550102234,0.032898351550102234
2020-11-05 13:00:00,0.0281785635867123,0.030499756336212158,0.030499756336212158,0.030499756336212158
2020-11-05 14:00:00,0.0367493556659338,0.032829947769641876,0.032829947769641876,0.032829947769641876
2020-11-05 15:00:00,0.025960576788034,0.03495622053742409,0.03495622053742409,0.03495622053742409
2020-11-05 16:00:00,0.0243573589662574,0.02986491471529007,0.02986491471529007,0.02986491471529007
2020-11-05 17:00:00,0.0269934975801264,0.02716507576406002,0.02716507576406002,0.02716507576406002
2020-11-05 18:00:00,0.0233993792397107,0.023726508021354675,0.023726508021354675,0.023726508021354675
2020-11-05 19:00:00,0.0245087026720521,0.02580159530043602,0.02580159530043602,0.02580159530043602
2020-11-05 20:00:00,0.018007877589546,0.01867431215941906,0.01867431215941906,0.01867431215941906
2020-11-05 21:00:00,0.0182378104047528,0.016279609873890877,0.016279609873890877,0.016279609873890877
2020-11-05 22:00:00,0.0129799721204376,0.009937641210854053,0.009937641210854053,0.009937641210854053
2020-11-05 23:00:00,0.0103310447276912,0.003960615023970604,0.003960615023970604,0.003960615023970604
2020-11-06 00:00:00,0.0078625353777347,0.0062123797833919525,0.0062123797833919525,0.0062123797833919525
2020-11-06 01:00:00,0.0072021157633721,0.00572764128446579,0.00572764128446579,0.00572764128446579
2020-11-06 02:00:00,0.0052268682386079,0.003353135660290718,0.003353135660290718,0.003353135660290718
2020-11-06 03:00:00,0.0068834072972695,0.004136912524700165,0.004136912524700165,0.004136912524700165
2020-11-06 04:00:00,0.0089205949441117,0.00979057140648365,0.00979057140648365,0.00979057140648365
2020-11-06 05:00:00,0.0298568573203436,0.0196656696498394,0.0196656696498394,0.0196656696498394
2020-11-06 06:00:00,0.0325070223368527,0.03586062043905258,0.03586062043905258,0.03586062043905258
2020-11-06 07:00:00,0.0423015767922841,0.03519756346940994,0.03519756346940994,0.03519756346940994
2020-11-06 08:00:00,0.0372508342180574,0.04116972163319588,0.04116972163319588,0.04116972163319588
2020-11-06 09:00:00,0.0407016042950367,0.03823309391736984,0.03823309391736984,0.03823309391736984
2020-11-06 10:00:00,0.0321372478593957,0.038581978529691696,0.038581978529691696,0.038581978529691696
2020-11-06 11:00:00,0.0505419508297101,0.038665130734443665,0.038665130734443665,0.038665130734443665
2020-11-06 12:00:00,0.0349828749220929,0.03349564969539642,0.03349564969539642,0.03349564969539642
2020-11-06 13:00:00,0.0316766461649089,0.03112238645553589,0.03112238645553589,0.03112238645553589
2020-11-06 14:00:00,0.0355913626365527,0.027766726911067963,0.027766726911067963,0.027766726911067963
2020-11-06 15:00:00,0.0278984308433675,0.028820166364312172,0.028820166364312172,0.028820166364312172
2020-11-06 16:00:00,0.0311793714374267,0.022733980789780617,0.022733980789780617,0.022733980789780617
2020-11-06 17:00:00,0.0276707905793472,0.027762169018387794,0.027762169018387794,0.027762169018387794
2020-11-06 18:00:00,0.0238793301833055,0.026100579649209976,0.026100579649209976,0.026100579649209976
2020-11-06 19:00:00,0.0209920914594398,0.018688198179006577,0.018688198179006577,0.018688198179006577
2020-11-06 20:00:00,0.0237350782581076,0.0202290378510952,0.0202290378510952,0.0202290378510952
2020-11-06 21:00:00,0.0176476195122393,0.017343491315841675,0.017343491315841675,0.017343491315841675
2020-11-06 22:00:00,0.0165807878290676,0.015468749217689037,0.015468749217689037,0.015468749217689037
2020-11-06 23:00:00,0.0099916789181762,0.009321209043264389,0.009321209043264389,0.009321209043264389
2020-11-07 00:00:00,0.0076946492152123,0.008050564676523209,0.008050564676523209,0.008050564676523209
2020-11-07 01:00:00,0.0074297977300659,0.006758479401469231,0.006758479401469231,0.006758479401469231
2020-11-07 02:00:00,0.0067658125815424,0.005839752033352852,0.005839752033352852,0.005839752033352852
2020-11-07 03:00:00,0.0060851195122348,0.006735585629940033,0.006735585629940033,0.006735585629940033
2020-11-07 04:00:00,0.0069496684671348,0.00811896100640297,0.00811896100640297,0.00811896100640297
2020-11-07 05:00:00,0.0075882823285208,0.011212377808988094,0.011212377808988094,0.011212377808988094
2020-11-07 06:00:00,0.014280114011688,0.017643775790929794,0.017643775790929794,0.017643775790929794
2020-11-07 07:00:00,0.0262586618664706,0.0261000357568264,0.0261000357568264,0.0261000357568264
2020-11-07 08:00:00,0.030391500150298,0.031755752861499786,0.031755752861499786,0.031755752861499786
2020-11-07 09:00:00,0.0272058565859545,0.03138934448361397,0.03138934448361397,0.03138934448361397
2020-11-07 10:00:00,0.0275495034506282,0.03003394976258278,0.03003394976258278,0.03003394976258278
2020-11-07 11:00:00,0.0297599251993308,0.03181658685207367,0.03181658685207367,0.03181658685207367
2020-11-07 12:00:00,0.026590783285629,0.027195041999220848,0.027195041999220848,0.027195041999220848
2020-11-07 13:00:00,0.0227350352103283,0.026469377800822258,0.026469377800822258,0.026469377800822258
2020-11-07 14:00:00,0.0255493916459844,0.027803339064121246,0.027803339064121246,0.027803339064121246
2020-11-07 15:00:00,0.0217152332301281,0.024916360154747963,0.024916360154747963,0.024916360154747963
2020-11-07 16:00:00,0.0222085500618136,0.021671408787369728,0.021671408787369728,0.021671408787369728
2020-11-07 17:00:00,0.0251169659038985,0.026833705604076385,0.026833705604076385,0.026833705604076385
2020-11-07 18:00:00,0.0232819824050479,0.023447517305612564,0.023447517305612564,0.023447517305612564
2020-11-07 19:00:00,0.0222238140882083,0.02251054346561432,0.02251054346561432,0.02251054346561432
2020-11-07 20:00:00,0.016707862493066,0.01950451359152794,0.01950451359152794,0.01950451359152794
2020-11-07 21:00:00,0.0155238690942162,0.01715102046728134,0.01715102046728134,0.01715102046728134
2020-11-07 22:00:00,0.0117732767267884,0.014875905588269234,0.014875905588269234,0.014875905588269234
2020-11-07 23:00:00,0.0107811150106199,0.009915539994835854,0.009915539994835854,0.009915539994835854
2020-11-08 00:00:00,0.0073820501041148,0.00774640217423439,0.00774640217423439,0.00774640217423439
2020-11-08 01:00:00,0.0054043273318604,0.007131211459636688,0.007131211459636688,0.007131211459636688
2020-11-08 02:00:00,0.0050916210612236,0.006313076242804527,0.006313076242804527,0.006313076242804527
2020-11-08 03:00:00,0.0044223416332807,0.006390923634171486,0.006390923634171486,0.006390923634171486
2020-11-08 04:00:00,0.0055510545045642,0.006798913702368736,0.006798913702368736,0.006798913702368736
2020-11-08 05:00:00,0.0074743218312975,0.01087910681962967,0.01087910681962967,0.01087910681962967
2020-11-08 06:00:00,0.0128711865177824,0.01703280583024025,0.01703280583024025,0.01703280583024025
2020-11-08 07:00:00,0.0217028696860805,0.024815596640110016,0.024815596640110016,0.024815596640110016
2020-11-08 08:00:00,0.0271453889379976,0.02829010784626007,0.02829010784626007,0.02829010784626007
2020-11-08 09:00:00,0.0255888707862059,0.028442105278372765,0.028442105278372765,0.028442105278372765
2020-11-08 10:00:00,0.0260327651756287,0.02652585878968239,0.02652585878968239,0.02652585878968239
2020-11-08 11:00:00,0.0291139931061225,0.02950170263648033,0.02950170263648033,0.02950170263648033
2020-11-08 12:00:00,0.0239283495417548,0.025794558227062225,0.025794558227062225,0.025794558227062225
2020-11-08 13:00:00,0.0251560723140474,0.024155693128705025,0.024155693128705025,0.024155693128705025
2020-11-08 14:00:00,0.0219531020170195,0.027862388640642166,0.027862388640642166,0.027862388640642166
2020-11-08 15:00:00,0.0223452383460126,0.023842640221118927,0.023842640221118927,0.023842640221118927
2020-11-08 16:00:00,0.0295340172239174,0.0314091295003891,0.0314091295003891,0.0314091295003891
2020-11-08 17:00:00,0.0243126200842073,0.026227787137031555,0.026227787137031555,0.026227787137031555
2020-11-08 18:00:00,0.0232752163438232,0.02817077934741974,0.02817077934741974,0.02817077934741974
2020-11-08 19:00:00,0.0220771965418532,0.02401190996170044,0.02401190996170044,0.02401190996170044
2020-11-08 20:00:00,0.0169394077629685,0.024974433705210686,0.024974433705210686,0.024974433705210686
2020-11-08 21:00:00,0.0154039292151079,0.018095843493938446,0.018095843493938446,0.018095843493938446
2020-11-08 22:00:00,0.0121002988520845,0.015118845738470554,0.015118845738470554,0.015118845738470554
2020-11-08 23:00:00,0.0074814869708962,0.011228755116462708,0.011228755116462708,0.011228755116462708
2020-11-09 00:00:00,0.0070809094131333,0.004000706598162651,0.004000706598162651,0.004000706598162651
2020-11-09 01:00:00,0.0043993912613111,0.0032505113631486893,0.0032505113631486893,0.0032505113631486893
2020-11-09 02:00:00,0.0045586321854203,0.002656262367963791,0.002656262367963791,0.002656262367963791
2020-11-09 03:00:00,0.006623813703544,0.003219097852706909,0.003219097852706909,0.003219097852706909
2020-11-09 04:00:00,0.0250565694791456,0.009528196416795254,0.009528196416795254,0.009528196416795254
2020-11-09 05:00:00,0.0142529391160985,0.018609782680869102,0.018609782680869102,0.018609782680869102
2020-11-09 06:00:00,0.0303635001722199,0.03938088193535805,0.03938088193535805,0.03938088193535805
2020-11-09 07:00:00,0.0478304968718806,0.03674328327178955,0.03674328327178955,0.03674328327178955
2020-11-09 08:00:00,0.0479178537418912,0.039679817855358124,0.039679817855358124,0.039679817855358124
2020-11-09 09:00:00,0.0310171336698885,0.04489239677786827,0.04489239677786827,0.04489239677786827
2020-11-09 10:00:00,0.0462621831748476,0.03955851495265961,0.03955851495265961,0.03955851495265961
2020-11-09 11:00:00,0.0497828102375518,0.03800342231988907,0.03800342231988907,0.03800342231988907
2020-11-09 12:00:00,0.0390055825147543,0.03823322057723999,0.03823322057723999,0.03823322057723999
2020-11-09 13:00:00,0.0365897409306285,0.03160044178366661,0.03160044178366661,0.03160044178366661
2020-11-09 14:00:00,0.0315488168382076,0.030493170022964478,0.030493170022964478,0.030493170022964478
2020-11-09 15:00:00,0.0288322326797897,0.026617590337991714,0.026617590337991714,0.026617590337991714
2020-11-09 16:00:00,0.0311960940659246,0.0365418903529644,0.0365418903529644,0.0365418903529644
2020-11-09 17:00:00,0.0261647409306161,0.03513430431485176,0.03513430431485176,0.03513430431485176
2020-11-09 18:00:00,0.0260801699735207,0.03252604603767395,0.03252604603767395,0.03252604603767395
2020-11-09 19:00:00,0.0215714015966859,0.023738974705338478,0.023738974705338478,0.023738974705338478
2020-11-09 20:00:00,0.0203050999665196,0.018226373940706253,0.018226373940706253,0.018226373940706253
2020-11-09 21:00:00,0.0159169811546327,0.018825653940439224,0.018825653940439224,0.018825653940439224
2020-11-09 22:00:00,0.0110395059071096,0.013186005875468254,0.013186005875468254,0.013186005875468254
2020-11-09 23:00:00,0.0097152484813791,0.007474925369024277,0.007474925369024277,0.007474925369024277
2020-11-10 00:00:00,0.0055362055770709,0.00718228705227375,0.00718228705227375,0.00718228705227375
2020-11-10 01:00:00,0.0047895059071168,0.004985304549336433,0.004985304549336433,0.004985304549336433
2020-11-10 02:00:00,0.004199571914203,0.00580095499753952,0.00580095499753952,0.00580095499753952
2020-11-10 03:00:00,0.0048893408906109,0.007204372435808182,0.007204372435808182,0.007204372435808182
2020-11-10 04:00:00,0.0060782847850014,0.010313423350453377,0.010313423350453377,0.010313423350453377
2020-11-10 05:00:00,0.0300667886353938,0.02183183841407299,0.02183183841407299,0.02183183841407299
2020-11-10 06:00:00,0.0408695265622278,0.03339565172791481,0.03339565172791481,0.03339565172791481
2020-11-10 07:00:00,0.0431190315127346,0.0370829813182354,0.0370829813182354,0.0370829813182354
2020-11-10 08:00:00,0.0498754630565185,0.03399745374917984,0.03399745374917984,0.03399745374917984
2020-11-10 09:00:00,0.038556156125797,0.03910224139690399,0.03910224139690399,0.03910224139690399
2020-11-10 10:00:00,0.0421493904492513,0.033705879002809525,0.033705879002809525,0.033705879002809525
2020-11-10 11:00:00,0.031615727082905,0.029775571078062057,0.029775571078062057,0.029775571078062057
2020-11-10 12:00:00,0.0473979053007547,0.03578580915927887,0.03578580915927887,0.03578580915927887
2020-11-10 13:00:00,0.035665232033398,0.029219673946499825,0.029219673946499825,0.029219673946499825
2020-11-10 14:00:00,0.03620813632384,0.03146415203809738,0.03146415203809738,0.03146415203809738
2020-11-10 15:00:00,0.0308216735704214,0.03191656246781349,0.03191656246781349,0.03191656246781349
2020-11-10 16:00:00,0.0297815391998345,0.026955684646964073,0.026955684646964073,0.026955684646964073
2020-11-10 17:00:00,0.0242948230282211,0.03428969532251358,0.03428969532251358,0.03428969532251358
2020-11-10 18:00:00,0.0226941629622195,0.02675449475646019,0.02675449475646019,0.02675449475646019
2020-11-10 19:00:00,0.0258525788037962,0.029063142836093903,0.029063142836093903,0.029063142836093903
2020-11-10 20:00:00,0.0196312916750906,0.02208578586578369,0.02208578586578369,0.02208578586578369
2020-11-10 21:00:00,0.0167874797938966,0.017881764099001884,0.017881764099001884,0.017881764099001884
2020-11-10 22:00:00,0.0115493609820142,0.015764955431222916,0.015764955431222916,0.015764955431222916
2020-11-10 23:00:00,0.008989336229548,0.01282405760139227,0.01282405760139227,0.01282405760139227
2020-11-11 00:00:00,0.006791728968808,0.006863810122013092,0.006863810122013092,0.006863810122013092
2020-11-11 01:00:00,0.0046516299589055,0.005975579842925072,0.005975579842925072,0.005975579842925072
2020-11-11 02:00:00,0.0047790226981961,0.006939556449651718,0.006939556449651718,0.006939556449651718
2020-11-11 03:00:00,0.0055727520711224,0.00600331649184227,0.00600331649184227,0.00600331649184227
2020-11-11 04:00:00,0.0137621085067552,0.010250737890601158,0.010250737890601158,0.010250737890601158
2020-11-11 05:00:00,0.0227592207180026,0.016658594831824303,0.016658594831824303,0.016658594831824303
2020-11-11 06:00:00,0.0384192867245951,0.024357961490750313,0.024357961490750313,0.024357961490750313
2020-11-11 07:00:00,0.035154105206441,0.030727477744221687,0.030727477744221687,0.030727477744221687
2020-11-11 08:00:00,0.0285134286387667,0.03142830356955528,0.03142830356955528,0.03142830356955528
2020-11-11 09:00:00,0.0437151613120595,0.02852669730782509,0.02852669730782509,0.02852669730782509
2020-11-11 10:00:00,0.0327869434902599,0.03125794976949692,0.03125794976949692,0.03125794976949692
2020-11-11 11:00:00,0.0328347982757477,0.03360363095998764,0.03360363095998764,0.03360363095998764
2020-11-11 12:00:00,0.0283929665925778,0.03082614578306675,0.03082614578306675,0.03082614578306675
2020-11-11 13:00:00,0.0309210193978559,0.030487503856420517,0.030487503856420517,0.030487503856420517
2020-11-11 14:00:00,0.0249696992658465,0.03087303787469864,0.03087303787469864,0.03087303787469864
2020-11-11 15:00:00,0.0251835897725418,0.02487284317612648,0.02487284317612648,0.02487284317612648
2020-11-11 16:00:00,0.0268506689804621,0.026543481275439262,0.026543481275439262,0.026543481275439262
2020-11-11 17:00:00,0.0256571871322821,0.02862955816090107,0.02862955816090107,0.02862955816090107
2020-11-11 18:00:00,0.0252149429078549,0.02594045177102089,0.02594045177102089,0.02594045177102089
2020-11-11 19:00:00,0.0216406854821055,0.028361022472381592,0.028361022472381592,0.028361022472381592
2020-11-11 20:00:00,0.0179360650200711,0.018469098955392838,0.018469098955392838,0.018469098955392838
2020-11-11 21:00:00,0.0130437382873988,0.01673571765422821,0.01673571765422821,0.01673571765422821
2020-11-11 22:00:00,0.0125585897725454,0.012787927873432636,0.012787927873432636,0.012787927873432636
2020-11-11 23:00:00,0.0078976986834279,0.012006229721009731,0.012006229721009731,0.012006229721009731
2020-11-12 00:00:00,0.005331692083766,0.005707843229174614,0.005707843229174614,0.005707843229174614
2020-11-12 01:00:00,0.0045495138649504,0.004581328481435776,0.004581328481435776,0.004581328481435776
2020-11-12 02:00:00,0.0042236062741928,0.0060654375702142715,0.0060654375702142715,0.0060654375702142715
2020-11-12 03:00:00,0.0051534742614863,0.005792047828435898,0.005792047828435898,0.005792047828435898
2020-11-12 04:00:00,0.0075643653501022,0.010386583395302296,0.010386583395302296,0.010386583395302296
2020-11-12 05:00:00,0.0163242663401943,0.025418540462851524,0.025418540462851524,0.025418540462851524
2020-11-12 06:00:00,0.0241497024552406,0.03178545832633972,0.03178545832633972,0.03178545832633972
2020-11-12 07:00:00,0.0330491847504146,0.03398899361491203,0.03398899361491203,0.03398899361491203
2020-11-12 08:00:00,0.0286455252668128,0.04285673424601555,0.04285673424601555,0.04285673424601555
2020-11-12 09:00:00,0.0277121919334751,0.038460467010736465,0.038460467010736465,0.038460467010736465
2020-11-12 10:00:00,0.0311948652008108,0.034996166825294495,0.034996166825294495,0.034996166825294495
2020-11-12 11:00:00,0.038837191933481,0.03594032675027847,0.03594032675027847,0.03594032675027847
2020-11-12 12:00:00,0.0252469279070834,0.030799582600593567,0.030799582600593567,0.030799582600593567
2020-11-12 13:00:00,0.0310840330461494,0.028842169791460037,0.028842169791460037,0.028842169791460037
2020-11-12 14:00:00,0.0295742970725676,0.029988035559654236,0.029988035559654236,0.029988035559654236
2020-11-12 15:00:00,0.0231968218250442,0.02915526181459427,0.02915526181459427,0.02915526181459427
2020-11-12 16:00:00,0.0268139835412042,0.030972257256507874,0.030972257256507874,0.030972257256507874
2020-11-12 17:00:00,0.0286336205049059,0.029313692823052406,0.029313692823052406,0.029313692823052406
2020-11-12 18:00:00,0.0272600938665308,0.0259392186999321,0.0259392186999321,0.0259392186999321
2020-11-12 19:00:00,0.0212675196091008,0.024668877944350243,0.024668877944350243,0.024668877944350243
2020-11-12 20:00:00,0.0169306796751139,0.02067508175969124,0.02067508175969124,0.02067508175969124
2020-11-12 21:00:00,0.0146097225798861,0.014854864217340946,0.014854864217340946,0.014854864217340946
2020-11-12 22:00:00,0.0129956254554113,0.012029114179313183,0.012029114179313183,0.012029114179313183
2020-11-12 23:00:00,0.0098306089537501,0.0069468654692173,0.0069468654692173,0.0069468654692173
2020-11-13 00:00:00,0.006247688161669,0.005775071680545807,0.005775071680545807,0.005775071680545807
2020-11-13 01:00:00,0.0052006584587137,0.003223927691578865,0.003223927691578865,0.003223927691578865
2020-11-13 02:00:00,0.0041684802408783,0.003009939566254616,0.003009939566254616,0.003009939566254616
2020-11-13 03:00:00,0.0056163350263598,0.006225325167179108,0.006225325167179108,0.006225325167179108
2020-11-13 04:00:00,0.0078768548283369,0.007811864838004112,0.007811864838004112,0.007811864838004112
2020-11-13 05:00:00,0.0153036582229596,0.0192707609385252,0.0192707609385252,0.0192707609385252
2020-11-13 06:00:00,0.0339917770348491,0.030970919877290726,0.030970919877290726,0.030970919877290726
2020-11-13 07:00:00,0.0399191697741302,0.035067323595285416,0.035067323595285416,0.035067323595285416
2020-11-13 08:00:00,0.0362334554884077,0.034688930958509445,0.034688930958509445,0.034688930958509445
2020-11-13 09:00:00,0.0465783399768448,0.03738706186413765,0.03738706186413765,0.03738706186413765
2020-11-13 10:00:00,0.0402540825511167,0.03790814429521561,0.03790814429521561,0.03790814429521561
2020-11-13 11:00:00,0.030392696412508,0.03371412679553032,0.03371412679553032,0.03371412679553032
2020-11-13 12:00:00,0.0357982244652855,0.03371620178222656,0.03371620178222656,0.03371620178222656
2020-11-13 13:00:00,0.0312673663795081,0.030489319935441017,0.030489319935441017,0.030489319935441017
2020-11-13 14:00:00,0.0435051080108048,0.03005124442279339,0.03005124442279339,0.03005124442279339
2020-11-13 15:00:00,0.0284064601236154,0.027464844286441803,0.027464844286441803,0.027464844286441803
2020-11-13 16:00:00,0.022189552238808,0.023193631321191788,0.023193631321191788,0.023193631321191788
2020-11-13 17:00:00,0.0293364842454392,0.027531815692782402,0.027531815692782402,0.027531815692782402
2020-11-13 18:00:00,0.0229301666666625,0.026627447456121445,0.026627447456121445,0.026627447456121445
2020-11-13 19:00:00,0.0221126666666662,0.02107933722436428,0.02107933722436428,0.02107933722436428
2020-11-13 20:00:00,0.0167661041671706,0.01566683128476143,0.01566683128476143,0.01566683128476143
2020-11-13 21:00:00,0.015151937500001,0.014858418144285679,0.014858418144285679,0.014858418144285679
2020-11-13 22:00:00,0.0140573263888955,0.012277414090931416,0.012277414090931416,0.012277414090931416
2020-11-13 23:00:00,0.0091548263893894,0.007924281992018223,0.007924281992018223,0.007924281992018223
